X	Y_20181208_15794b_1_1g	Y_20181208_15794b_1_2g	Y_20181208_15794b_1_3g	Y_20181208_15794b_1_4g	Y_20181208_15794b_1_5g	Y_20181208_15794b_1_6g	Y_20181208_15794b_10_1g	Y_20181208_15794b_10_2g	Y_20181208_15794b_10_3g	Y_20181208_15794b_10_4g	Y_20181208_15794b_10_5g	Y_20181208_15794b_2_2g	Y_20181208_15794b_2_3g	Y_20181208_15794b_2_4g	Y_20181208_15794b_2_6g	Y_20181208_15794b_2_7g	Y_20181208_15794b_2_8g	Y_20181208_15794b_3_2g	Y_20181208_15794b_3_3g	Y_20181208_15794b_3_4g	Y_20181208_15794b_3_5g	Y_20181208_15794b_3_6g	Y_20181208_15794b_6_10g	Y_20181208_15794b_6_11g	Y_20181208_15794b_6_12g	Y_20181208_15794b_6_13g	Y_20181208_15794b_6_1g	Y_20181208_15794b_6_2g	Y_20181208_15794b_6_3g	Y_20181208_15794b_6_4g	Y_20181208_15794b_6_5g	Y_20181208_15794b_6_6g	Y_20181208_15794b_6_7g	Y_20181208_15794b_6_8g
0	27523.7715	33425.3828	29198.3359	34906.5273	33210.1641	33343.4492	32516.7773	26592.0703	32174.5625	40087.1133	39656.1055	28773.8633	34401.7344	34445.8672	29869.3594	34076.957	46620.0039	35836.4883	31904.5117	41454.4062	35402.7148	29901.2715	31857.6992	45181.3594	28946.8047	34277.3203	28745.8242	29038.459	31881.2051	33811.2109	41688.707	37141.2656	31226.2793	35044.8438
0.1334	28481.4414	35753.7031	29536.7832	34372.3711	36342.082	34609.0117	36907.8867	28926.7031	32426.4531	36728.4609	45397.4375	29309.7949	37351.3438	33076.1289	29098.5098	34938.7031	47151.2383	36358.8008	35588.0117	47736.5469	36697.0234	30453.0859	31366.9512	45155.2227	28477.4473	34754.4531	30900.875	32991.1875	32272.2383	33009.2461	50783.3828	39703.7188	32629.6973	43764.6562
0.2668	30562.7871	39942.2422	31510.0469	36841.9922	41557.3633	38372.0312	48224.6562	36102.9922	33306.5508	37577.1523	58432.7344	30795.1914	45811.5898	34805.7734	29459.4824	37319.5859	55351.2266	37271.6055	40942.7266	59446.2227	41595.3047	34600.7617	30735.0195	45348.2734	30843.0996	37668.4062	38172.8359	41650.1875	32709.1133	33834.2734	70273.9922	51774.4883	35165.9805	60662.3711
0.4003	35413.2031	50931.7148	34582.3633	42379.7969	54456.3984	41441.7695	68209.2656	53984.5195	34167.918	39400.3477	57690.543	33522.7109	61406.832	35490.8672	31476.4395	49637.4453	52455.9375	39441.9102	54926.5508	78470.6094	58747.1094	45995.3008	35061.4297	57187.3984	35197.8242	46842.4492	49794.75	55358.5469	34123.4375	35757.7344	71934.0703	70210.6328	42213.7148	63543.4805
0.5337	43959.1523	74491.4844	37587.6055	54153.6367	71846.4766	54683.8281	69125.9609	74008.6953	36301.5977	54610.4766	44089.7656	41636.8906	66212.9297	43480.5547	34441.5117	72606.9375	41541.7109	55957.5156	85053.0391	69396.2031	71039.4141	67279.4062	39384.4766	63066.0352	39749.7969	64021.7109	55267.4414	63815.1523	40128.6328	41847.1836	51979.7656	84354.2656	58578.8633	49233.3398
0.6671	48442.1367	93212.5391	39475.7852	62971.3594	72636.6875	83453.2266	49441.9844	71378.8438	42721.8516	79295.6484	36527.5781	47199.2891	51494.7734	55985.3359	43039.6172	93449.6094	35361.0664	75605.0156	101739.2266	47990.4766	58555.3047	71297.7031	44896.1758	50117.2578	41662.4102	69265.6875	42737.707	53001.4023	53183.7422	58510.8828	39021.8438	71995.0625	75237.5859	36698.5234
0.8005	41858.6133	75733.8516	34878.9922	58872.1992	55734.8516	104060.7969	37468.0742	48729.6953	59742.2109	84256.3203	32173.9277	41802.8477	37626.9609	66809.1484	61576.0234	83814.2188	33197.8398	77856.4844	72721.6562	36040.3711	40152.8242	51733.0938	66772.5469	35985.0078	35822.3047	53715.125	32660.8574	37766.8789	67543.9062	72824.2734	33416.2578	51165.6875	64211.1953	30625.8555
0.934	32506.9043	48416.7422	29903.4512	44430.9648	41171.6328	85712.0781	32270.6562	34656.6797	85707.7578	61395.4766	28358.9043	33006.5039	33135.1758	58824.9883	89569.2578	57180.332	32792.7227	57139.4453	47146.6797	32709.5742	31935.9746	34919.8984	88860.7422	31662.9707	31028.9043	39921.7188	28587.5703	31562.7129	66016.4062	70454.2656	33312.3828	39184.957	44994.125	29744.8359
1.0674	28488.7168	37658.0352	30046.4785	37666.0664	35462.7461	55479.4805	30665.9453	29367.6465	90629.8359	42864.4883	30329.1484	30580.1152	30684.334	43135.6328	91468.7109	41597.9336	31735.7637	40966.207	33870.4336	30527.0645	28606.9004	28192.0957	74600.5312	30360.3203	29224.8203	34101.8516	27989.2305	29228.6445	50501.832	53134.9844	32563.5742	34409.4492	37349.5078	27505.2676
1.2008	28867.2461	31577.8789	28649.8691	34471.7031	32441.2773	40565.5938	28016.8672	25710.1914	66080.7266	36695.332	28587.6328	28605.1172	32290.2305	35148.6211	65980.3906	35307.5078	30779.7051	33402.2109	32508.6055	29244.8867	28788.5859	26754.5156	46721.9727	27729.3379	29719.2949	32872.3594	29842.7227	28811.7383	38850.793	41769.9688	32550.1836	32011.7012	34091.8438	25830.9434
1.3342	28205.1035	28185.8105	29363.9277	34633.7812	31828.4219	34737.2812	28483.4863	24520.3359	44330.2969	32533.2109	27130.9141	28433.6035	30765.6523	32168.1621	43816.3789	32862.7109	31035.25	30483.5977	31074.8711	28857.916	27731.8848	25976.3848	36700.3984	25886.3262	28797.6191	32048.1309	30409.0938	27546.5781	34334.7188	37166.4961	33332.207	32123.3711	30669.3652	25633.1914
1.4676	27774.8887	28732.2129	29010.1992	32430.7773	32936.2695	33475.7812	27721.7168	24268.1094	35575.5312	31471.6934	27667.6797	28541.3652	29484.9961	30971.5527	34649.5508	32677.7461	31790.2695	28527.9395	30121.6953	29912.8398	26920.0332	26528.5254	30570.2207	26913.1914	28885.8301	31366.2031	30456.8945	27464.8047	31803.0156	34732.1562	31824.7812	29686.959	30105.0684	26315.8652
1.6011	26862.7227	27365.0117	28733.5391	31971.1348	32359.4414	33067.0078	NaN	24321.3145	34610.3711	31507.2656	27749.9883	27634.4648	29024.877	30508.9238	31522.5996	30756.1406	31998.1133	27491.1699	29766.9453	28963.3926	26157.3672	26884.0508	27989.7207	26777.957	28109.0723	29539.0039	29438.9746	26485.0215	31601.7129	33637.5703	32750.4961	30699.4805	29883.875	26643.0801
1.7345	27112.291	28116.498	28285.4004	31564.3457	32415.4023	32324.5332	NaN	24673.834	31924.2949	31160.418	27116.3438	27744.4727	29387.375	29299.1836	30052.7051	30654.8887	30150.0586	28160.4375	NaN	28313.709	27096.0703	26990.4219	28268.4902	27311.6094	27837.0723	30694.3926	29745.5977	26176.4238	31531.0488	32794.4258	33174.4453	30612.7383	NaN	26096.6699
1.8679	27013.2305	27536.2637	29109.459	32423.5645	31622.3281	31089.2734	NaN	24206.0293	30951.0781	31216.2949	26525.4727	28126.0957	28619.1719	32108.2129	29864.5469	29708.1074	30274.9355	28192.1777	NaN	29422.041	27604.043	26275.8613	25990.8828	NaN	27969.8105	29914.3848	29824.9824	25976.8613	29920.4062	32380.3418	31695.3164	30927.2773	NaN	24447.3711
2.0013	26078.6309	27144.0898	29840.6016	32251.2031	29595.0137	31019.8633	NaN	25075.7812	29877.9121	NaN	NaN	27651.0098	28124.9395	32444.8125	29001.3887	29937.7949	31262.1289	28238.5684	NaN	29804.9648	NaN	27373.2383	27650.207	NaN	27229.127	31519.6777	28998.4336	25560.666	29914.5859	30782.0957	31236.0977	NaN	NaN	25820.0566
2.1347	27716.2812	28239.5176	29390.7969	31916.8086	29452.3242	31168.4941	NaN	24789.623	30846.4473	NaN	NaN	27733.4141	29382.1387	31394.7344	29009.2246	29265.4961	30452.0449	28778.0586	NaN	29397.8398	NaN	26775.6504	27597.5723	NaN	27769.0625	NaN	27971.3027	26228.8223	29686.4727	30930.2598	31009.3203	NaN	NaN	26426.7871
2.2682	25991.2656	27959.0254	27909.3496	30467.2637	30011.4512	32140.9355	NaN	24541.2344	31493.6152	NaN	NaN	28736.9512	30645.1738	30605.2656	28369.6211	30150.5371	31977.8574	27387.7734	NaN	29795.9102	NaN	26374.9473	24906.0508	NaN	26847.6914	NaN	28088.2383	26752.1543	30535.9805	32035.7578	30094.2676	NaN	NaN	25269.6289
2.4016	26955.5156	28605.1367	27929.2773	31158.5625	30146.5508	NaN	NaN	23943.084	31034.6875	NaN	NaN	NaN	28106.2305	31682.6855	28222.5469	29957.1328	31641.9902	27299.6309	NaN	30595.3145	NaN	26479.6953	26053.25	NaN	27862.0684	NaN	28073.8652	26054.6562	30239.4746	31837.0527	30883.1016	NaN	NaN	NaN
2.535	27913.877	28547.5605	29080.3965	30572.9375	30471.5977	NaN	NaN	25278.3691	32377.7598	NaN	NaN	NaN	29376.1504	29989.2129	28693.5098	29279.0312	31126.4141	26333.9746	NaN	33004.8438	NaN	27378.6465	27039.1953	NaN	27266.0664	NaN	27576.8145	25244.5254	29955.3867	30664.6895	31238.9258	NaN	NaN	NaN
2.6684	NaN	28994.6387	NaN	29346.3633	30405.7051	NaN	NaN	24982.0645	32260.7871	NaN	NaN	NaN	29888.0527	31164.8574	27901.1348	30786.2539	31627.4668	28496.2188	NaN	32155.3789	NaN	27147.6562	25461.707	NaN	28101.5469	NaN	27020.2617	NaN	29428.0879	29878.8535	30973.5293	NaN	NaN	NaN
2.8019	NaN	NaN	NaN	30502.3047	29921.3496	NaN	NaN	NaN	33865.5898	NaN	NaN	NaN	30601.6816	30454.2871	27566.1367	29604.7695	NaN	NaN	NaN	NaN	NaN	27070.0605	26076.1289	NaN	28855.125	NaN	27496.0996	NaN	30177.918	29549.7363	29506.959	NaN	NaN	NaN
2.9353	NaN	NaN	NaN	31557.3281	29744.0195	NaN	NaN	NaN	31551.0938	NaN	NaN	NaN	30090.3574	30994.9395	NaN	NaN	NaN	NaN	NaN	NaN	NaN	27323.125	26060.4961	NaN	NaN	NaN	27334.5996	NaN	30223.8828	NaN	30947.2891	NaN	NaN	NaN
3.0687	NaN	NaN	NaN	30080.6191	29483	NaN	NaN	NaN	33049.7422	NaN	NaN	NaN	28763.709	29790.998	NaN	NaN	NaN	NaN	NaN	NaN	NaN	28420.9473	27270.3047	NaN	NaN	NaN	25391.627	NaN	28895.6758	NaN	NaN	NaN	NaN	NaN
3.2021	NaN	NaN	NaN	NaN	30519.5547	NaN	NaN	NaN	33976.4648	NaN	NaN	NaN	30132.6406	30048.9941	NaN	NaN	NaN	NaN	NaN	NaN	NaN	NaN	27520.5391	NaN	NaN	NaN	25109.3652	NaN	29768.1582	NaN	NaN	NaN	NaN	NaN
3.3355	NaN	NaN	NaN	NaN	29646.8496	NaN	NaN	NaN	33686.3047	NaN	NaN	NaN	29923.4922	29858.127	NaN	NaN	NaN	NaN	NaN	NaN	NaN	NaN	25321.4883	NaN	NaN	NaN	NaN	NaN	30003.2168	NaN	NaN	NaN	NaN	NaN
3.469	NaN	NaN	NaN	NaN	29250.0918	NaN	NaN	NaN	33052.4805	NaN	NaN	NaN	28730.4551	31113.541	NaN	NaN	NaN	NaN	NaN	NaN	NaN	NaN	26190.9922	NaN	NaN	NaN	NaN	NaN	28351.4609	NaN	NaN	NaN	NaN	NaN
3.6024	NaN	NaN	NaN	NaN	29904.75	NaN	NaN	NaN	NaN	NaN	NaN	NaN	NaN	32394.0469	NaN	NaN	NaN	NaN	NaN	NaN	NaN	NaN	24964.3398	NaN	NaN	NaN	NaN	NaN	28190.873	NaN	NaN	NaN	NaN	NaN
3.7358	NaN	NaN	NaN	NaN	30226.2949	NaN	NaN	NaN	NaN	NaN	NaN	NaN	NaN	30320.3496	NaN	NaN	NaN	NaN	NaN	NaN	NaN	NaN	25938.5742	NaN	NaN	NaN	NaN	NaN	29331.6543	NaN	NaN	NaN	NaN	NaN
3.8692	NaN	NaN	NaN	NaN	30260.6016	NaN	NaN	NaN	NaN	NaN	NaN	NaN	NaN	NaN	NaN	NaN	NaN	NaN	NaN	NaN	NaN	NaN	NaN	NaN	NaN	NaN	NaN	NaN	29060.0938	NaN	NaN	NaN	NaN	NaN
4.0027	NaN	NaN	NaN	NaN	29691.8809	NaN	NaN	NaN	NaN	NaN	NaN	NaN	NaN	NaN	NaN	NaN	NaN	NaN	NaN	NaN	NaN	NaN	NaN	NaN	NaN	NaN	NaN	NaN	NaN	NaN	NaN	NaN	NaN	NaN
