x	Y_20181208_15100_1_1g	Y_20181208_15100_1_2g	Y_20181208_15100_11_3g	Y_20181208_15100_11_4g	Y_20181208_15100_13_8g	Y_20181208_15100_14_1g	Y_20181208_15100_15_5g	Y_20181208_15100_16_1g	Y_20181208_15100_16_4g	Y_20181208_15100_3_3g	Y_20181208_15100_5_12g	Y_20181208_15100_5_6g	Y_20181208_15100_6_10g	Y_20181208_15100_6_2g	Y_20181208_15100_6_3g	Y_20181208_15100_6_6g	Y_20181208_15100_7_5g	Y_20181208_15100_7_8g
0	15469.0332	15275.7129	11324.3496	11460.54	14037.7168	12361.5508	13195.8135	12144.915	12235.834	12091.0693	12963.8408	12229.8613	12587.0898	15764.9375	11174.5332	12550.9688	12047.9199	12764.752
0.1334	18168.3066	19110.123	11853.8779	13540.8682	14700.7852	14705.9053	12657.3594	12448.6689	12066.957	13606.7402	13575.4219	14317.3906	13131.2832	19487.8086	12886.6523	12867.7734	13016.1211	15988.4668
0.2668	21904.7109	24631.5645	11227.3584	16798.9004	15923.2725	19705.4473	13666.1201	15223.8125	13276	16463.9277	14927.6084	17992.0215	14839.5469	23327.0391	16567.1953	14768.0273	14483.9473	21366.3438
0.4003	21991.8066	23295.4375	11500.1357	26014.3418	19393.8828	24186.4492	14759.4219	16943.8457	14474.5391	20153.5742	18369.2793	21522.6035	18716.8984	23831.9805	19057.4727	15107.7803	16754.2031	20573.4297
0.5337	19269.6113	21690.9434	12302.3496	34883.8477	20508.793	23069.5645	17896.2773	18523.2012	16405.332	18005.3633	25217.207	20482.3418	18943.2324	21052.2402	18378.3711	19533.4531	15910.2842	18282.6562
0.6671	15998.1992	19371.7012	13891.7441	37155.668	20257.7539	19141.1426	18728.4629	18570.166	16140.2998	16989.5508	26751.7988	16892.4199	17387.0684	18822.2129	16513.1289	25194.3066	13380.0684	16401.5449
0.8005	14999.0283	18805.5273	14428.7383	32572.75	18817.7305	16050.5195	16419.373	18409.8359	15347.4072	17213.459	27665.5391	15332.0986	14486.8652	17495.1504	15673.2686	25995.3008	12887.2822	14935.4248
0.934	13755.2148	17267.2734	14502.3682	26932.5918	17090.9473	14367.8564	15110.748	17374.2598	15085.6797	16197.9541	26604.4062	14534.6963	12937.4355	16843.5195	14945.6318	21462.7871	12191.6348	13966.6416
1.0674	14045.3398	16480.8477	14562.0137	24446.8457	14978.1982	14067.1143	16179.6162	15007.7822	14700.5449	13946.1152	24087.5938	13690.0049	12201.0361	16396.7988	14453.1299	18104.4238	12126.5576	14471.1426
1.2008	14236.6143	15461.2754	13742.7529	21801.9414	14565.2891	15103.1045	18503.5449	14873.3252	14960.877	13716.1123	21540.0391	13636.4893	11758.6602	15284.1621	15055.4678	15971.207	11398.9531	14296.1611
1.3342	15221.0186	15099.7568	13554.5215	19845.3301	14716.1299	14773.6406	17109.375	14609.4922	13780.8564	14168.9268	20859.8555	14323.6406	10931.1924	15316.3369	14053.7754	14753.6992	11861.1924	13335.7559
1.4676	16273.0293	15081.4463	14476.2363	18002.8281	14303.4424	14927.5312	16604.1523	14384.7334	14027.8604	14083.543	18456.6426	15896.3652	10894.0566	15114.6016	14391.1426	13308.2646	12463.957	13659.8555
1.6011	16490.9316	14705.1709	16262.8457	15956.1084	14484.042	14262.3711	17568.8848	14084.0127	14213.5449	13563.4238	17402.2129	16347.4424	11876.1143	15573.3652	14220.6514	12394.9707	12625.5977	13854.7305
1.7345	17451.9688	14898.5771	17185.6445	16723.5078	13799.2295	14148.7021	18894.7539	14026.168	12814.8613	14740.8086	17327.082	16561.6621	12903.3066	16891.2305	13939.9443	12591.7568	13817.9951	12955.8184
1.8679	17277.8613	14821.0576	17891.2227	16446.0859	13108.7471	14627.1191	19620.7012	14286.4736	13927.7646	14314.8418	16524.6211	17193.4863	12947.7305	17837.8242	14038.4229	12047.9492	14409.0518	12672.584
2.0013	15775.4434	16282.3389	15918.1484	16329.8486	13668.2471	17294.2598	17720.207	15039.2764	14665.6289	14449.96	16105.834	15829.7529	13526.6084	17899.8535	14568.3643	12558.4541	13445.3154	12436.041
2.1347	15068.7139	15527.0518	14146.3525	16179.9746	13618.2783	17731.8223	17097.8496	15158.2549	14274.9229	14570.1494	16925.8047	14832.3896	13986.1367	16304.1953	14750.6406	13072.0869	12568.5029	12852.9336
2.2682	14196.5762	15155.3555	12558.0186	14714.7568	13654.6348	17029.5195	15907.6611	15436.4893	13273.4473	14647.125	16968.5879	14754.1924	14161.6309	14390.9443	14934.7578	13266.9395	12382.0645	12084.2617
2.4016	12839.668	13463.418	11203.999	13943.457	14392.9521	16183.8613	14198.377	16229.5664	13432.3682	13956.6094	16180.5547	13654.4189	13952.1846	13166.873	16814.4375	13354.2637	11984.7803	12580.1035
2.535	11797.9854	12288.9863	11474.5332	15937.5762	14269.8076	15336.458	14061.6338	17477.043	12884.0693	12926.1318	15974.1172	12652.4502	15836.2646	13807.7939	17186.2207	13163.0283	11397.666	13159.1328
2.6684	12499.5713	13406.5342	11415.8154	16204.7539	14070.2275	14739.0439	13831.9092	17573.7031	13148.4404	13808.4736	14983.0547	12334.3301	15242.6943	12877.3633	16809.498	12591.9502	10952.1855	12530.6562
2.8019	11964.6953	12158.1279	10903.7764	16719.2578	14694.4941	14199.791	13476.791	16337.5283	12643.123	13909.749	14676.291	12207.6064	15147.8838	13308.4697	15119.8418	13467.1172	11340.3496	12046.249
2.9353	11754.543	12261.46	NaN	15668.4287	13988.0361	14444.4502	13332.4121	14986.417	13914.0391	13614.9424	13805.7598	11867.6172	15791.5127	13965.1094	13483.6514	14031.5078	11417.3828	NaN
3.0687	12019.5186	NaN	NaN	14544.9893	13149.9102	13848.1367	13027.4209	14546.8408	13631.7324	NaN	12766.1025	11900.7041	15265.8682	13676.7422	12923.9531	14388.8115	10966.3506	NaN
3.2021	NaN	NaN	NaN	14473.6523	13339.3311	14280.2129	12644.3164	13972.4395	NaN	NaN	12996.542	11593.667	14337.2217	13314.9141	12239.4404	14746.001	NaN	NaN
3.3355	NaN	NaN	NaN	14398.2998	12723.1455	14346.2988	12629.248	NaN	NaN	NaN	12906.71	11324.5576	13972.792	NaN	10480.5059	15356.9648	NaN	NaN
3.469	NaN	NaN	NaN	13777.8613	NaN	NaN	12057.1719	NaN	NaN	NaN	12792.5596	NaN	13225.9609	NaN	10063.251	14820.085	NaN	NaN
3.6024	NaN	NaN	NaN	13948.9346	NaN	NaN	12421.2969	NaN	NaN	NaN	12837.6836	NaN	13111.0908	NaN	NaN	16190.3447	NaN	NaN
3.7358	NaN	NaN	NaN	NaN	NaN	NaN	12467.3193	NaN	NaN	NaN	NaN	NaN	12898.2871	NaN	NaN	NaN	NaN	NaN
3.8692	NaN	NaN	NaN	NaN	NaN	NaN	NaN	NaN	NaN	NaN	NaN	NaN	NaN	NaN	NaN	NaN	NaN	NaN
4.0027	NaN	NaN	NaN	NaN	NaN	NaN	NaN	NaN	NaN	NaN	NaN	NaN	NaN	NaN	NaN	NaN	NaN	NaN
4.1361	NaN	NaN	NaN	NaN	NaN	NaN	NaN	NaN	NaN	NaN	NaN	NaN	NaN	NaN	NaN	NaN	NaN	NaN
4.2695	NaN	NaN	NaN	NaN	NaN	NaN	NaN	NaN	NaN	NaN	NaN	NaN	NaN	NaN	NaN	NaN	NaN	NaN
4.4029	NaN	NaN	NaN	NaN	NaN	NaN	NaN	NaN	NaN	NaN	NaN	NaN	NaN	NaN	NaN	NaN	NaN	NaN
4.5363	NaN	NaN	NaN	NaN	NaN	NaN	NaN	NaN	NaN	NaN	NaN	NaN	NaN	NaN	NaN	NaN	NaN	NaN
