x	Y_20181208_15100_1_3g	Y_20181208_15100_1_5g	Y_20181208_15100_10_2g	Y_20181208_15100_13_1g	Y_20181208_15100_13_6g	Y_20181208_15100_14_2g	Y_20181208_15100_15_2g	Y_20181208_15100_15_4g	Y_20181208_15100_15_7g	Y_20181208_15100_16_3g	Y_20181208_15100_17_1g	Y_20181208_15100_17_7g	Y_20181208_15100_18_1g	Y_20181208_15100_18_5g	Y_20181208_15100_18_6g	Y_20181208_15100_19_1g	Y_20181208_15100_19_2g	Y_20181208_15100_19_6g	Y_20181208_15100_2_3g	Y_20181208_15100_21_1g	Y_20181208_15100_25_1g	Y_20181208_15100_3_4g	Y_20181208_15100_5_10g	Y_20181208_15100_5_3g	Y_20181208_15100_5_5g	Y_20181208_15100_6_7g	Y_20181208_15100_7_9g	Y_20181208_15100_8_5g	Y_20181208_15100_8_6g	Y_20181208_15100_9_1g
0	28670.8242	31550.6016	29120.4746	27442.6289	30129.1777	30050.4727	30544.0215	33490.8125	30887.6445	28454.8555	28736.3945	30151.8418	33694.332	30025.6426	32269.5703	28319.3262	28945.7949	31717.043	31593.8203	32476.4668	26869.4219	31248.5781	30543.1348	27093.9824	30962.1973	27402.8906	31472.8672	25687.8945	30551.5332	28800.8516
0.1334	28299.2441	29969.3633	28393.6113	27376.0898	30462.002	30727.0996	30942.2266	34240.8789	30871.4531	30296.5449	28885.7559	28242.1211	32725.7402	29832.4434	32517.9062	28450.7246	30579.4688	30815.4766	32488.8066	30549.334	26617.1289	32106.6211	31190.8828	28096.1738	32821.0273	26084.0625	31598.4688	26283.0742	29989.7246	28531.3594
0.2668	28832.7832	31695.3652	27705.5273	26042.3574	30982.8418	30790.7305	32302.2363	33791.6094	31342.0215	29650.6484	30106.6172	28764.2852	32503.6348	30651.0156	32938.6016	27849.3008	29598.2402	31254.9453	33743.3164	30947.2363	26326.7656	30682.0859	32731.7402	29610	32932.1641	27100.3477	31872.9648	25186.8672	30353.8906	27835.957
0.4003	28745.1289	30876.4395	28593.2207	26383.5059	30062.1719	30143.2344	31236.0645	31964.3945	31354.5215	29960.4824	28835.1289	28689.9375	31635.2832	30438.0879	33587.7734	28762.9512	30747.5273	31619.6797	32432.1875	32374.9629	27505.1113	31379.6191	32859.3008	28963.4082	32170.5117	26762.0449	31784.4492	26087.4824	30041.2617	27693.6562
0.5337	27363.5215	29346.4668	28491.2188	25964.7227	30855.0508	31154.9277	29720.7852	34425.4023	31362.6035	30231.2773	28365.4004	27431.4375	32595.4492	32410.3125	33786.5664	28216.0762	30416.1152	30996.2031	33046.9297	31791.1973	26716.4199	31330.4902	32057.1523	28530.2168	32460.5488	27748.7559	31108.9609	24998.1465	29802.293	27643.9473
0.6671	27251.4453	30999.6445	28310.9316	26985.6387	31688.1934	30370.2539	30694.0273	33883.7578	31811.625	31160.5879	29311.7969	27336.7461	31784.8184	31904.1016	33771.1758	27622.9102	30944.5859	29957.3477	32709.1328	30257.6523	27861.8809	31525.2715	31583.7754	28132.0527	32625.8184	24569.8867	31384.8555	26261.6543	30316.1406	28227.4512
0.8005	28027.5801	31968.0098	29070.0137	26431.1035	30312.5703	30578.5176	31795.2539	34704.6094	31187.4453	30653.6719	28835.4961	28246.5957	32784.668	30500.0605	33742.0977	28325.2891	30424.1641	31012.6309	33350.8047	29690.3984	27374.5762	31864.5527	31129.4961	27837.0527	32750.3535	26339.5	30448.9238	25448.752	29875.2617	29225.7266
0.934	28724.0137	29801.6582	27720.4551	26662.8223	30138.2773	30893.043	32306.1035	35763.4062	31467.9863	32230.2324	27517.5254	28149.3125	32290.9141	31079.9844	34405.6562	28404.8418	30088.293	31418.3125	32050.5742	30858.8281	28466.3086	32030.3652	31022.2324	27098.334	31835.4551	27157.7285	29579.4492	25989.5547	30815.5508	28759.3438
1.0674	28970.0762	30648.7324	28618.2109	26231.707	32234.2422	32540.0586	31588.8809	34630.3516	30188.0801	33731.4844	28295.4766	27799.8945	33046.8438	31478.6641	34528.8594	28407.5156	29399.9785	30766.6562	32597.752	30490.2812	28601.5898	33438.8359	31774.5352	27138.5625	33281.7266	26874.9395	29051.498	26976.2109	29457.1758	28086.582
1.2008	32054.166	31472.3652	30985.9492	27163.3438	32190.0801	33211.6562	31888.8984	35365.6523	30937.8867	35767.5742	28861.7109	28814.4414	32538.7188	30420.0527	34361.6641	28705.6855	29155.1758	31385.7715	32811.6836	30013.9102	28287.5996	33364.5859	30614.0586	28399.7871	33089.3008	26993.0449	29219.9277	28578.7383	29897.0234	28876.8574
1.3342	34531.4805	32101.4316	33920.4297	28089.5	33781.0625	35454.0781	32352.3633	38569.1328	32293.6875	36759.25	30703.0137	28996.4414	34683.6992	31245.6172	33036.7344	28387.1562	31545.5332	29813.8359	35017.8125	30944.8379	28729.0664	33574.1211	29975.1738	28627.4512	31069.3945	26367.2246	29569.5742	30902.2832	29235.832	27408.293
1.4676	39705.6719	31415.6309	43454.3906	29019.8887	40551.8164	40353.4219	32569.3145	46271.1758	32902.0781	41914.0977	37993.4297	31748.5234	36347.4922	33330.9258	33943.5469	29617.6055	31954.4316	30145.9121	42601.5938	31303.457	33207.5938	33783.5195	30397.1328	28872.4395	31652.9238	28352.6699	29771.4844	36694.1875	30665.1758	29743.8574
1.6011	58772.8828	30592.0938	61394.1875	31364.0156	54442.9297	49744.4102	34114.6172	62168.4062	36657.3906	62967.5664	52769.7461	36699.2617	42023.8906	37946.1328	33613.5117	29218.9004	37085.2812	30472.709	57687.3164	32991.4102	44351.9805	35437.8789	32815.4062	30840.2715	32139.998	27628.9414	31305.9785	52043.2773	32058.3633	31550.332
1.7345	84782.9688	31191.0625	98293.8594	33867.25	83767.9141	72755.7266	38983.9414	91377.1953	47106.7305	98073.2109	79387.3594	51244.0703	52390.0273	45863.1484	33845.9492	30780.9141	49426.0195	33335.7461	77460.0078	34574.75	66656.4844	39321.3164	31378.3809	33511.3086	33506.0977	30621.2461	31391.8281	82695.2109	37177.8125	33365.2617
1.8679	92890.8359	32524.9609	124755.3594	43437.1641	105615.3203	122234.3828	47068.8008	101541.4688	75878.2266	124515.8203	88260.9141	75772.1172	77073.8672	65855.4062	36981.8164	36390.4805	78129.8125	35705.0547	77701.125	41644.9375	94963.9766	49095.3242	30622.7207	44107.8984	33407.5039	36121.2812	33788.4844	100731.6406	50420.9844	40456.3359
2.0013	68541.0469	32676.1816	95785.9688	61435.1523	86327.0625	156942.0781	72422.4297	75818.9453	112067.1094	96658.3828	67068.375	93058.3125	90659.3203	99857.9531	46759.6016	51335.9805	101982.0781	38758.7188	57926.7031	53240.2969	92073.7578	68152.7266	33808.2188	61102.3633	38215.6641	48142.1641	37836.0586	76379.7734	77304.4844	60297.5547
2.1347	44483.9336	32704.7188	57524.6172	83450.4844	54947.0273	123685.2344	109753.0078	49466.6641	109376.5469	61518.9688	44461.6719	78476.8906	77994.2266	107606.9375	68455.8047	72370.3516	81610.2344	49671.2891	43751.0781	72562.5938	63117.3281	77304.4453	36791.6484	63158.3203	50975.0586	63592.9375	54056.3867	48642.0938	93239.4922	92178.8359
2.2682	37078.9961	35350.6953	41593.5273	73299.7891	41366.4375	68991.5938	118335.5156	42373.0625	73593.7812	43913.0664	36655.2266	50452.6875	59531.6289	77112.6484	93501.8906	72183.7031	55585.7344	73492.9219	38160.5117	77430.5391	44229.5391	60656.0781	43989.8984	48746.3633	80697	56589.6875	83823.1875	34849.332	72658.1094	93970.4219
2.4016	32005.4746	42769.9375	34217.7266	50003.0117	34280.9961	45373.3477	83887.3359	41502.2266	51626.3984	38096.2578	32293.1445	36876.5898	45566.4688	54176.168	86273.5312	52767.5156	43134.875	97087.1094	37361.7188	64434.5117	35080.6602	45411.5938	66586	36272.3164	111218.0469	40471.125	89255.6719	31599.4062	51129.6289	68734.9297
2.535	31143.4258	57678.2617	32534.7832	37333.0625	32826.2148	38702.5273	54992.3945	45823.4102	42947.7461	35183.0273	31661.4707	32514.8008	41367.6758	48052.7148	57217.8633	38480.7773	36396.8516	83593.8203	36537.4844	51763.7773	33403.4883	36023.3359	94770.5469	31753.3828	91504.3125	29894.6367	63919.0469	30831.3086	41273.8008	45170.5742
2.6684	31720.5781	80042.5312	32318.8438	33239.625	32299.8457	36504.8516	42120.6602	NaN	40575.9727	38199.6523	NaN	31161.9902	41565.3203	45047.3086	44086.0312	34160.3828	34458.3477	56501.4492	NaN	48776.6211	34315.418	33475.0352	91169	31143.3945	57741.5977	30397.1992	42420.9258	30335.4785	37240.9023	36430.6445
2.8019	31452.1289	79215.6328	33040.1055	31108.6973	32003.8555	36398.1094	39792.9883	NaN	NaN	NaN	NaN	29519.8438	44766.0352	40189.6172	38815.9258	31255.4648	34018.2188	40733.5156	NaN	NaN	NaN	32781.7617	61357.9297	30235.9629	43650.2812	26771.0938	34498.1875	NaN	34834.2266	34869.4961
2.9353	NaN	57768.832	NaN	NaN	34074.2695	35600.3008	38218.4727	NaN	NaN	NaN	NaN	29607.8359	51883.1289	36197.5234	35768.8789	29976.4473	35278.7305	37768.2109	NaN	NaN	NaN	32482.1875	42200.7578	NaN	40152.1289	27721.9727	34199.7773	NaN	33311.0938	NaN
3.0687	NaN	42601.9219	NaN	NaN	NaN	NaN	38812.5586	NaN	NaN	NaN	NaN	28653.2168	NaN	33891.5156	34626.8047	NaN	NaN	35647.4375	NaN	NaN	NaN	NaN	37704.6328	NaN	36060.8516	NaN	NaN	NaN	NaN	NaN
3.2021	NaN	36149.7812	NaN	NaN	NaN	NaN	NaN	NaN	NaN	NaN	NaN	NaN	NaN	NaN	NaN	NaN	NaN	NaN	NaN	NaN	NaN	NaN	33021.625	NaN	NaN	NaN	NaN	NaN	NaN	NaN
3.3355	NaN	34590.0859	NaN	NaN	NaN	NaN	NaN	NaN	NaN	NaN	NaN	NaN	NaN	NaN	NaN	NaN	NaN	NaN	NaN	NaN	NaN	NaN	30924.5762	NaN	NaN	NaN	NaN	NaN	NaN	NaN
3.469	NaN	35046.2852	NaN	NaN	NaN	NaN	NaN	NaN	NaN	NaN	NaN	NaN	NaN	NaN	NaN	NaN	NaN	NaN	NaN	NaN	NaN	NaN	31439.2461	NaN	NaN	NaN	NaN	NaN	NaN	NaN
3.6024	NaN	32900.2383	NaN	NaN	NaN	NaN	NaN	NaN	NaN	NaN	NaN	NaN	NaN	NaN	NaN	NaN	NaN	NaN	NaN	NaN	NaN	NaN	32788.0859	NaN	NaN	NaN	NaN	NaN	NaN	NaN
3.7358	NaN	32195.9082	NaN	NaN	NaN	NaN	NaN	NaN	NaN	NaN	NaN	NaN	NaN	NaN	NaN	NaN	NaN	NaN	NaN	NaN	NaN	NaN	32501.1367	NaN	NaN	NaN	NaN	NaN	NaN	NaN
3.8692	NaN	NaN	NaN	NaN	NaN	NaN	NaN	NaN	NaN	NaN	NaN	NaN	NaN	NaN	NaN	NaN	NaN	NaN	NaN	NaN	NaN	NaN	NaN	NaN	NaN	NaN	NaN	NaN	NaN	NaN
4.0027	NaN	NaN	NaN	NaN	NaN	NaN	NaN	NaN	NaN	NaN	NaN	NaN	NaN	NaN	NaN	NaN	NaN	NaN	NaN	NaN	NaN	NaN	NaN	NaN	NaN	NaN	NaN	NaN	NaN	NaN
4.1361	NaN	NaN	NaN	NaN	NaN	NaN	NaN	NaN	NaN	NaN	NaN	NaN	NaN	NaN	NaN	NaN	NaN	NaN	NaN	NaN	NaN	NaN	NaN	NaN	NaN	NaN	NaN	NaN	NaN	NaN
4.2695	NaN	NaN	NaN	NaN	NaN	NaN	NaN	NaN	NaN	NaN	NaN	NaN	NaN	NaN	NaN	NaN	NaN	NaN	NaN	NaN	NaN	NaN	NaN	NaN	NaN	NaN	NaN	NaN	NaN	NaN
4.4029	NaN	NaN	NaN	NaN	NaN	NaN	NaN	NaN	NaN	NaN	NaN	NaN	NaN	NaN	NaN	NaN	NaN	NaN	NaN	NaN	NaN	NaN	NaN	NaN	NaN	NaN	NaN	NaN	NaN	NaN
4.5363	NaN	NaN	NaN	NaN	NaN	NaN	NaN	NaN	NaN	NaN	NaN	NaN	NaN	NaN	NaN	NaN	NaN	NaN	NaN	NaN	NaN	NaN	NaN	NaN	NaN	NaN	NaN	NaN	NaN	NaN
