x	Y_20181208_15100_1_3g	Y_20181208_15100_11_1g	Y_20181208_15100_11_4g	Y_20181208_15100_13_11g	Y_20181208_15100_13_18g	Y_20181208_15100_13_1g	Y_20181208_15100_13_8g	Y_20181208_15100_14_5g	Y_20181208_15100_15_10g	Y_20181208_15100_15_3g	Y_20181208_15100_15_8g	Y_20181208_15100_15_9g	Y_20181208_15100_17_5g	Y_20181208_15100_17_8g	Y_20181208_15100_18_10g	Y_20181208_15100_18_3g	Y_20181208_15100_18_7g	Y_20181208_15100_19_10g	Y_20181208_15100_20_3g	Y_20181208_15100_20_4g	Y_20181208_15100_21_12g	Y_20181208_15100_21_13g	Y_20181208_15100_21_2g	Y_20181208_15100_21_7g	Y_20181208_15100_21_9g	Y_20181208_15100_22_20g	Y_20181208_15100_22_9g	Y_20181208_15100_23_1g	Y_20181208_15100_23_6g	Y_20181208_15100_23_9g	Y_20181208_15100_24_3g	Y_20181208_15100_26_10g	Y_20181208_15100_27_10g	Y_20181208_15100_27_3g	Y_20181208_15100_28_2g	Y_20181208_15100_29_3g	Y_20181208_15100_3_3g	Y_20181208_15100_30_1g	Y_20181208_15100_30_5g	Y_20181208_15100_32_6g	Y_20181208_15100_32_7g
0	29872.8613	26450.4863	29926.084	30274.7656	27344.9941	27023.2422	29502.6641	26201.8516	29733.8438	29468.3867	28242.2539	31150.127	31855.5293	28722.4492	29612.2285	29366.1582	25228.959	28773.7109	27879.1348	28421.543	26212.5449	30524.8945	30255.8574	28852.5586	31818.5703	31250.8691	32540.3477	28061.8496	29878.3809	30067.2617	31554.2441	29651.6699	31275.3809	26162.498	30855.1328	33719.1602	28828.0273	26635.0352	31186.8809	30329.7715	30017.0488
0.1334	27883.4688	26841.9102	29351.8926	29950.6348	26699.7168	26311.1523	29979.7168	26332.5938	30475.834	31369.5293	27198.2949	31275.7305	30810.8145	28378.5586	28897.7148	29880.3379	25051.0918	30269.1211	28507.4316	28854.1367	27416.4648	30066.8223	30240.8125	27619.8496	31204.918	31040.8242	32169.1973	28558.2441	29024.1094	30019.6992	31622.9082	31276.3359	30779.5059	25313.832	30471.8906	33514.2266	29138.6367	26564.1719	29961.6406	30260.3203	31132.1582
0.2668	29793.4668	27154.7988	30207.2363	29272.6758	26548.5664	26111.0781	29594.2188	25959.1738	30388.9219	32628.7812	27546.6309	31627.625	31672.2129	28478.9785	29134.3633	29380.248	26189.2207	28608.0215	29099.998	28945.3633	25398.4297	29301.2871	29472.5117	26446.1133	31646.2148	31181.1641	34930.0664	28237.4941	28349.8828	32126.8887	32365.3887	30845.5801	30371.5332	25455.2441	30743.3887	32965.8945	30101.6641	28051.1973	30881.6934	30773.5645	31204.6289
0.4003	29600.2324	26571.6953	30125.0508	30555.0449	27616.9961	26830.9297	28150.8164	25638.4629	30635.502	31623.9551	27749.1465	30317.1797	32672.748	28823.3633	30014.6113	29365.2754	25064.3711	27828.8008	28047.7617	29453.0254	26582.1973	30653.1367	29967.7559	27055.5039	31417.0605	30902.8652	33629.4492	28502.7734	28448.832	30762.5332	32364.7168	30630.5508	29594.1855	27014.3906	30569.4297	33861.2891	29887.7461	27021.6738	31240.4746	30985.3867	30338.3223
0.5337	29097.2949	27461.7695	29434.791	29164.8203	28358.7383	27585.3652	28284.6035	26507.3711	30659.2363	31578.6895	27120.4277	30379.5488	30476.2266	28827.1016	30411.4492	28173.2227	24196.5605	30167.9707	27636.1914	29712.2363	26140.9766	31049.084	29899.4316	27149.6816	29449.6152	30921.8438	33259.832	28043.1738	29050.877	31761.4688	32307.4375	30235.2207	30730.209	26073.1582	30621.5645	33479.6758	29447.1602	28405.3047	29598.1914	32769.0195	29884.0879
0.6671	29290.5762	28052.0039	29038.7734	28755.5	27453.2832	26647.6699	28449.8613	26372.7637	31862.8809	32736.4297	26519.0762	31127.4902	31604.1328	29399.1836	28634.9668	28569.7227	25044.748	31341.4688	28226.6738	30156.8789	27111.5547	30764.8262	29277.8926	27570.5566	30157.332	33074.9453	33110.7344	28100.7344	29819.0938	31748.0508	32527.0273	30568.5156	30218.248	25599.4473	30595.502	31574.7441	29866.0918	27538.2305	29818.2246	31135.8242	29628.6152
0.8005	29587.6387	27020.9082	29203.6309	29210.0703	25534.7109	26972.9785	28886.8496	26634.3359	29364.5566	31422.4746	26817.1289	30298.3672	32003.7598	29822.0332	28251.6855	28484.1348	24903.7305	30031.0391	28360.4707	28884.0645	26895.7441	31187.1074	30190.1934	26849.6035	31668.959	33942.1094	32792.4844	28837.9141	28869.1348	32102.7871	30893.334	30405.6758	28960.7715	25017.3223	30502.3242	31252.6855	29602.6504	27704.7109	31262.6191	31997.248	31127.043
0.934	30914.043	26214.9688	29403.5449	29109.168	26354.041	27476.084	29179.6094	26911.3047	29191.2969	31994.6719	25896.248	31681.0391	31851.168	28799.2754	28697.2812	30109.1387	25931.2988	29862.7988	27925.5078	27279.2246	26984.1309	30954.3262	31112.6074	26657.9648	31154.041	34519.5039	31470.2422	28433.1582	30053.334	32163.2637	31104.8789	32099.3926	29514.332	24626.2344	30937.0742	30784.5703	27575.9336	27039.9395	30562.0781	31606.4492	30128.8613
1.0674	31003.7891	27405.0742	29962.1855	29134.4609	26469.5527	27827.1289	29237.4453	26757.7715	29317.5254	31272.3828	26855.4629	30091.5723	33491.4375	28595.6367	29854.1543	29861.7988	26013.7734	31040.8555	27787.2246	28820.252	26500.7598	31138.8867	28861.9629	27818.5117	32402.6133	33514.5156	31971.8086	28079.5645	29698.3066	32936.4805	32419.7285	32817.125	30028.4336	25612.2695	30675.6406	30743.3047	29156.3887	27295.3203	31370.6953	31329.5645	30312.9688
1.2008	29814.5391	28497.8418	29070.8711	28924.2441	26303.1562	28681.8516	30285.5664	27887.7676	29588.5195	32031.1699	27889.9961	30025.8438	33966.0234	28029.8164	29784.4922	28750.3398	25950.3945	30811.8711	27761.7148	27693.3008	28119.1699	30395.4785	30516.3184	28981.6543	31577.8574	33911.9688	32818.5	28695.9844	31268.5137	32169.9785	31891.1777	31771.4004	29379.6016	24764.7871	30495.0781	33907.8672	30590.9395	28012.7266	33402.6406	32354.1914	32399.8164
1.3342	31703.6289	29191.998	29048.2988	29795.5352	25996.0879	26710.9512	29915.5293	27092.0684	30526.6641	31377.916	28288.2949	30294.4355	32858.375	27965.5645	28314.8613	27768.4824	25768.7266	30592.1074	27446.1289	28555.1562	28345.1719	32552.7949	31974.125	27890.4844	30602.0352	33471.3047	32730.8926	28574.373	34639.6523	32792.4062	30583.4668	31921.5469	30634.4023	25924.75	31702.0918	31454.1699	29620.5508	27061.082	36743.2031	32306.9023	31203.0762
1.4676	31203.5527	28359.3359	30031.9609	29207.3203	26900.9043	27265.6504	31388.8945	27286.3945	33349.2812	31783.5332	28520.2656	30404.7637	33209	28769.9023	27630.5645	29288.2656	27192.5352	31701.6641	26721.3828	29881.3594	30636.8535	35436.3086	34942.5312	28312.8945	30429.4082	34729.6875	34528.8281	28294.9395	35233.7891	32939.9141	31124.3828	30734.5566	31593.8809	25449.041	32689.625	29709.0273	30770.8711	29517.5488	43505.5625	32493.8594	30913.3906
1.6011	33007.4297	28705.6895	30781.9004	28826.9062	26148.1465	27925.8926	34494.3633	28770.2598	33547.7031	34455.3867	29221.0684	31352.375	34796.5703	28415.793	28336.0332	29776.7949	27053.9941	30646.625	27733.1582	30275.377	33943.7891	42203.8242	43626.1289	28046.9238	32184.2598	37107.8047	38054.7109	29231.123	41655.8867	34430.9883	35162.3984	31814.9355	33928.5859	27634.0938	35376.9609	31913.7305	33348.3828	29535.5273	57935.0391	32429.9941	32516.2129
1.7345	36992.418	32552.8633	31456.5566	30178.7188	27405.4316	27872.248	39537.3906	31041.3516	36862.6836	39688.5234	35101.7773	32792.9219	36347.5703	28461.2324	28253.9629	31493.7109	26432.1621	31237.6016	28062.1855	30428.8125	41710.4688	57928.4414	65916.9922	28216.6348	34628.5	41521.8125	44722.0508	31785.9141	59923.3906	35810.7812	36724.2461	34149.5742	39468.3633	26904.0254	36103.4922	32205.3965	36736.4023	30166.4121	87751.2188	33297.6406	31960.5293
1.8679	46295.918	37641.4258	30958.6309	32859.7383	28406.3086	30369.3047	51967.5742	31086.6113	47772.0508	51778.1641	48129.6953	33645.0664	37731.1836	31782.9453	29065.666	35233.4141	28114.0137	34755.9727	29075.2695	34958.543	64286.3711	85509.9453	108461.3984	28425.5117	38260.8398	49932.9453	60765.6523	36523.832	92607.2656	43124.2734	45455.4648	40194.043	51878.6172	27396.5332	41339.0273	32429.8828	44554.3477	35379.2734	101688.6875	36291.3867	34526.5156
2.0013	62142.3008	51936.0117	32142.1055	37793.3594	30152.1934	33316.5469	86175.7344	38324.4805	67501.4141	80502.1797	73482.0859	37638.7617	42876.5508	39354.6484	28563.918	48537.8359	30054.0352	44033.5312	31124.416	41393.3164	92993.9375	113984.0234	130217.5938	29460.3457	49222.6367	71115.0625	82572	47771.1445	105155.7344	58343.0195	63242.4453	49278.0039	78564.6953	31004.5254	56856.5859	33443.7422	58356.957	47278.7656	79181.7109	40318.668	39409.8906
2.1347	72326.4141	79289.8203	35248.2734	49306.8281	38619.7188	40004.9766	130319.6484	50832.9883	81348.2344	113348.4219	98770.1953	48017.3477	59571.5078	53594.4062	29230.4414	79544.3359	36382.5	57704.5469	37179.6094	50400.2031	89448.3125	95565.4297	93050.7969	34759.0039	80145.9609	81634.6562	82776.0625	69587.2578	72891.7188	82724.4844	99361.7188	71134.3359	82333.9531	42750.0117	79807.8984	34157.9141	106017.4375	66227.6875	51227.3516	48664.9453	50493.7305
2.2682	58640.2148	86744.7031	40717.2383	71695.7266	57967.1992	59551.1055	135599.2031	56849.6055	68973.6562	116511.9766	96802.0703	62895.8789	84874.4375	78512.7422	31949.9141	123374.7656	53250.4766	93650.125	54074.8867	53127.5703	59320.0391	60797.5039	58264.4141	43843.4688	129268.3594	65307.1523	59491.5469	80705.2969	45797.1328	90958.8906	115177.9062	111997.875	63732.0312	62606.5117	87361.5156	36170.6328	152476.9531	75629.8906	38361.2305	61479.9688	64101.6562
2.4016	42097.2031	58454.9844	55100.8828	120831.3047	89884.8438	95769.0625	87116.1953	47579.3281	48941.8125	83871.6406	61409.2461	62478.5352	99979.5	88957.3438	39087.3906	129119.2109	68808.9375	113323.3281	88788.7188	47064.7656	40511.0703	40892.5312	41448.4688	57337.3594	131776.7656	47026.2344	42363.3516	60628.3398	36164.2266	69104.7969	88895.5312	117324.3906	44599.1797	76247.4375	68674.9688	46848.1602	148072.6562	58925.5859	34694.2852	94700.625	56351.332
2.535	36850.0781	39218.5469	81595.9062	136015.1875	106951.1797	119402.7344	50138.8438	36290.7148	38372.3906	52893.4805	41508.1055	46710.1914	84035.8359	63864.8828	60251.9219	87057.8047	67273.7656	82484.7422	105034.0469	41131.2812	36869.957	33992.0156	35762.7617	47716.3242	85682.3047	38071.1406	35425.0117	41139.5234	32796.3398	45798.5742	61007.4922	73511.1641	35389.4766	64106.5	49960.4648	65925.5547	92996.5781	42447.4648	32647.3223	129874.0312	44828.5156
2.6684	35361.8945	31016.3809	80555.0625	94534.5	80073.1484	89626.4297	38430.0469	31349.5742	33939.5781	41227.5625	33460.7539	38317.9844	57555.5781	42468.3438	98836.2812	54292.0977	48872.2227	50842.9414	79689.25	36720.3086	33906.3789	34119.1406	32700.2441	36771.8672	54767.8008	36398.3711	34228.9531	32514.1562	32569.7539	36587.9297	45214.0508	45666.207	34650.0547	43441.082	41193.7305	79835.9297	56209.457	34505.3672	32268.7754	110169.6797	38529.5938
2.8019	34075.9609	27442.1621	61357.3945	53556.7461	49784.1602	53641.3047	33807.2344	28074.2617	32971.4062	36178.9648	30196.6992	33867.5195	42755.3789	32568.3789	118088.4062	39755.9766	34584.8906	39436.0781	53282.7461	33796.4531	32866.1562	31109.6172	31392.9238	33495.7656	42312.1914	34449.5039	33966.4844	30926.3691	31249.0859	33143.9141	39500.3945	38667.1523	32754.0254	36603.7266	35126.2695	63383.375	43501.7578	30836.0469	NaN	69598.625	39033.4102
2.9353	31994.0645	NaN	50295.6055	41710.0586	34236.1719	37920.4688	32335.1973	NaN	31315.8574	31665.3828	28131.5625	NaN	37628.6055	31137.6309	82685.3125	36165.0625	29928.7266	34208.9336	40626.2617	NaN	NaN	30560.3535	31278.5215	29338.1895	35553.7578	33849.7031	33206.082	28018.0234	NaN	32227.623	35743.9648	33860.543	30579.125	33780.418	33792.6992	41834.3477	38263.6094	29992.6777	NaN	46791.1797	36133.457
3.0687	NaN	NaN	NaN	34881.4219	28845.5508	32670.373	31660.8652	NaN	31041.6211	33195.3359	NaN	NaN	35122.7539	30678.0684	53713.957	33968.4766	27946.0527	32151.127	35685.7773	NaN	NaN	NaN	32129.8672	28673.5332	33397.2461	35433.5586	33217.5039	27821.041	NaN	NaN	35355.0703	33038.668	33686.7695	28608.1113	33600.8438	34619.1133	33875.2031	NaN	NaN	38614.1367	35154.6211
3.2021	NaN	NaN	NaN	37118.1328	27536.9824	30671.2812	NaN	NaN	NaN	31912.3418	NaN	NaN	34281.582	29704.6914	41595.0312	NaN	27095.1719	31384.3359	35767.0938	NaN	NaN	NaN	31063.0781	NaN	33825.8984	36849.0273	NaN	28817.9414	NaN	NaN	34395.6172	NaN	NaN	NaN	33480.2148	34640.4453	32751.3652	NaN	NaN	35056.9727	NaN
3.3355	NaN	NaN	NaN	36738.0625	28093.1504	NaN	NaN	NaN	NaN	NaN	NaN	NaN	NaN	NaN	38488.8281	NaN	28096.334	NaN	NaN	NaN	NaN	NaN	NaN	NaN	NaN	NaN	NaN	NaN	NaN	NaN	33783.5156	NaN	NaN	NaN	33660.0586	33252.6016	NaN	NaN	NaN	34268.8906	NaN
3.469	NaN	NaN	NaN	NaN	NaN	NaN	NaN	NaN	NaN	NaN	NaN	NaN	NaN	NaN	NaN	NaN	NaN	NaN	NaN	NaN	NaN	NaN	NaN	NaN	NaN	NaN	NaN	NaN	NaN	NaN	NaN	NaN	NaN	NaN	NaN	NaN	NaN	NaN	NaN	35334.5117	NaN
3.6024	NaN	NaN	NaN	NaN	NaN	NaN	NaN	NaN	NaN	NaN	NaN	NaN	NaN	NaN	NaN	NaN	NaN	NaN	NaN	NaN	NaN	NaN	NaN	NaN	NaN	NaN	NaN	NaN	NaN	NaN	NaN	NaN	NaN	NaN	NaN	NaN	NaN	NaN	NaN	NaN	NaN
3.7358	NaN	NaN	NaN	NaN	NaN	NaN	NaN	NaN	NaN	NaN	NaN	NaN	NaN	NaN	NaN	NaN	NaN	NaN	NaN	NaN	NaN	NaN	NaN	NaN	NaN	NaN	NaN	NaN	NaN	NaN	NaN	NaN	NaN	NaN	NaN	NaN	NaN	NaN	NaN	NaN	NaN
3.8692	NaN	NaN	NaN	NaN	NaN	NaN	NaN	NaN	NaN	NaN	NaN	NaN	NaN	NaN	NaN	NaN	NaN	NaN	NaN	NaN	NaN	NaN	NaN	NaN	NaN	NaN	NaN	NaN	NaN	NaN	NaN	NaN	NaN	NaN	NaN	NaN	NaN	NaN	NaN	NaN	NaN
4.0027	NaN	NaN	NaN	NaN	NaN	NaN	NaN	NaN	NaN	NaN	NaN	NaN	NaN	NaN	NaN	NaN	NaN	NaN	NaN	NaN	NaN	NaN	NaN	NaN	NaN	NaN	NaN	NaN	NaN	NaN	NaN	NaN	NaN	NaN	NaN	NaN	NaN	NaN	NaN	NaN	NaN
4.1361	NaN	NaN	NaN	NaN	NaN	NaN	NaN	NaN	NaN	NaN	NaN	NaN	NaN	NaN	NaN	NaN	NaN	NaN	NaN	NaN	NaN	NaN	NaN	NaN	NaN	NaN	NaN	NaN	NaN	NaN	NaN	NaN	NaN	NaN	NaN	NaN	NaN	NaN	NaN	NaN	NaN
4.2695	NaN	NaN	NaN	NaN	NaN	NaN	NaN	NaN	NaN	NaN	NaN	NaN	NaN	NaN	NaN	NaN	NaN	NaN	NaN	NaN	NaN	NaN	NaN	NaN	NaN	NaN	NaN	NaN	NaN	NaN	NaN	NaN	NaN	NaN	NaN	NaN	NaN	NaN	NaN	NaN	NaN
4.4029	NaN	NaN	NaN	NaN	NaN	NaN	NaN	NaN	NaN	NaN	NaN	NaN	NaN	NaN	NaN	NaN	NaN	NaN	NaN	NaN	NaN	NaN	NaN	NaN	NaN	NaN	NaN	NaN	NaN	NaN	NaN	NaN	NaN	NaN	NaN	NaN	NaN	NaN	NaN	NaN	NaN
4.5363	NaN	NaN	NaN	NaN	NaN	NaN	NaN	NaN	NaN	NaN	NaN	NaN	NaN	NaN	NaN	NaN	NaN	NaN	NaN	NaN	NaN	NaN	NaN	NaN	NaN	NaN	NaN	NaN	NaN	NaN	NaN	NaN	NaN	NaN	NaN	NaN	NaN	NaN	NaN	NaN	NaN
4.6698	NaN	NaN	NaN	NaN	NaN	NaN	NaN	NaN	NaN	NaN	NaN	NaN	NaN	NaN	NaN	NaN	NaN	NaN	NaN	NaN	NaN	NaN	NaN	NaN	NaN	NaN	NaN	NaN	NaN	NaN	NaN	NaN	NaN	NaN	NaN	NaN	NaN	NaN	NaN	NaN	NaN
4.8032	NaN	NaN	NaN	NaN	NaN	NaN	NaN	NaN	NaN	NaN	NaN	NaN	NaN	NaN	NaN	NaN	NaN	NaN	NaN	NaN	NaN	NaN	NaN	NaN	NaN	NaN	NaN	NaN	NaN	NaN	NaN	NaN	NaN	NaN	NaN	NaN	NaN	NaN	NaN	NaN	NaN
4.9366	NaN	NaN	NaN	NaN	NaN	NaN	NaN	NaN	NaN	NaN	NaN	NaN	NaN	NaN	NaN	NaN	NaN	NaN	NaN	NaN	NaN	NaN	NaN	NaN	NaN	NaN	NaN	NaN	NaN	NaN	NaN	NaN	NaN	NaN	NaN	NaN	NaN	NaN	NaN	NaN	NaN
5.07	NaN	NaN	NaN	NaN	NaN	NaN	NaN	NaN	NaN	NaN	NaN	NaN	NaN	NaN	NaN	NaN	NaN	NaN	NaN	NaN	NaN	NaN	NaN	NaN	NaN	NaN	NaN	NaN	NaN	NaN	NaN	NaN	NaN	NaN	NaN	NaN	NaN	NaN	NaN	NaN	NaN
5.2035	NaN	NaN	NaN	NaN	NaN	NaN	NaN	NaN	NaN	NaN	NaN	NaN	NaN	NaN	NaN	NaN	NaN	NaN	NaN	NaN	NaN	NaN	NaN	NaN	NaN	NaN	NaN	NaN	NaN	NaN	NaN	NaN	NaN	NaN	NaN	NaN	NaN	NaN	NaN	NaN	NaN
5.3369	NaN	NaN	NaN	NaN	NaN	NaN	NaN	NaN	NaN	NaN	NaN	NaN	NaN	NaN	NaN	NaN	NaN	NaN	NaN	NaN	NaN	NaN	NaN	NaN	NaN	NaN	NaN	NaN	NaN	NaN	NaN	NaN	NaN	NaN	NaN	NaN	NaN	NaN	NaN	NaN	NaN
