x	Y_20181208_15100_1_1g	Y_20181208_15100_1_5g	Y_20181208_15100_13_1g	Y_20181208_15100_13_5g	Y_20181208_15100_13_8g	Y_20181208_15100_15_2g	Y_20181208_15100_16_4g	Y_20181208_15100_17_4g	Y_20181208_15100_17_6g	Y_20181208_15100_18_6g	Y_20181208_15100_19_6g	Y_20181208_15100_2_1g	Y_20181208_15100_21_1g	Y_20181208_15100_24_3g	Y_20181208_15100_3_1g	Y_20181208_15100_3_2g	Y_20181208_15100_3_3g	Y_20181208_15100_5_10g	Y_20181208_15100_5_2g	Y_20181208_15100_5_3g	Y_20181208_15100_5_5g	Y_20181208_15100_5_7g	Y_20181208_15100_6_2g	Y_20181208_15100_6_9g	Y_20181208_15100_7_5g	Y_20181208_15100_7_6g	Y_20181208_15100_7_9g	Y_20181208_15100_8_5g
0	30006.9316	31550.6016	27442.6289	29405.9824	28875.3867	30544.0215	30903.6074	24429.4043	27233.4941	32269.5703	31717.043	32926.4453	32476.4668	30727.7227	31062.9648	31961.2617	31523.9863	30543.1348	32951.1914	27093.9824	30962.1973	26019.0391	31566.4902	33606.0508	30646.2109	27299.2832	31472.8672	25687.8945
0.1334	28640.1523	29969.3633	27376.0898	30140.0117	30860.1133	30942.2266	29872.3848	25365.834	28228.7148	32517.9062	30815.4766	33731.3242	30549.334	30300.6445	29998.7227	31157.7402	30072.2109	31190.8828	32664.4961	28096.1738	32821.0273	25703.2031	31851.5449	33768.9297	30392.3926	26909.1758	31598.4688	26283.0742
0.2668	28747.4219	31695.3652	26042.3574	28998.4844	28574.2305	32302.2363	31930.0312	24369.1152	27753.0586	32938.6016	31254.9453	31620.0645	30947.2363	31006.4121	29246.3691	30322.4316	29132.5137	32731.7402	31695.207	29610	32932.1641	24793.0254	33083.5508	32733.8984	30542.5703	26110.5215	31872.9648	25186.8672
0.4003	29763.6406	30876.4395	26383.5059	29307.5801	28247.4766	31236.0645	31225.959	24092.2598	27545.9668	33587.7734	31619.6797	31557.9062	32374.9629	30692.4648	31008.4121	30858.2344	30197.5938	32859.3008	31792.8105	28963.4082	32170.5117	26897.5742	31200.9336	33666.1953	31225	26288.4316	31784.4492	26087.4824
0.5337	28595.248	29346.4668	25964.7227	28288.5879	29606.377	29720.7852	31353.125	26517.6973	28781.9688	33786.5664	30996.2031	31034.543	31791.1973	29733.1523	30900.1016	31617.4961	30480.3047	32057.1523	32219.4062	28530.2168	32460.5488	25737.5391	31536.2207	35071.7031	30051.4395	25861.0938	31108.9609	24998.1465
0.6671	28975.0508	30999.6445	26985.6387	28082.7266	29022.1719	30694.0273	29644.5742	27294.1699	27556.9629	33771.1758	29957.3477	31716.293	30257.6523	29917.0469	29685.4805	32424.6133	29882.2227	31583.7754	31481.1328	28132.0527	32625.8184	24638.7402	31336.7305	33827.5273	29353.4473	25986.3281	31384.8555	26261.6543
0.8005	29384.4824	31968.0098	26431.1035	28393.7285	28631.3906	31795.2539	30246.0352	26906.2832	27955.8535	33742.0977	31012.6309	30253.875	29690.3984	30356.0859	28818.4141	31794.3027	31776.998	31129.4961	31260.6484	27837.0527	32750.3535	26346.8574	30849.9336	34376.4922	30849.9707	26453.2422	30448.9238	25448.752
0.934	29460.2031	29801.6582	26662.8223	29418.918	29842.9238	32306.1035	30882.4375	26579.7012	28908.8633	34405.6562	31418.3125	29899.5332	30858.8281	31357.7832	27628.5352	30873.6602	30825.9121	31022.2324	29086.7168	27098.334	31835.4551	25670.6934	31034.8164	34446.2617	30844.4004	26978.5488	29579.4492	25989.5547
1.0674	29694.5195	30648.7324	26231.707	29547.8633	30208.582	31588.8809	30496.5371	26945.1074	29325.4414	34528.8594	30766.6562	30206	30490.2812	30586.0449	27928.9336	31704.457	33490.1484	31774.5352	30987.7246	27138.5625	33281.7266	25730.2949	31102.2637	34037.3203	30641.1504	25708.7871	29051.498	26976.2109
1.2008	30530.877	31472.3652	27163.3438	30620.4355	30069.4395	31888.8984	30772.9531	27017.9004	28929.7461	34361.6641	31385.7715	30110.6211	30013.9102	30638.4395	29644.793	31466.1719	30961.8887	30614.0586	31670.2559	28399.7871	33089.3008	24692.7461	31380.0039	35896.6797	31115.1289	26253.5527	29219.9277	28578.7383
1.3342	31797.9492	32101.4316	28089.5	31917.1973	31162.1758	32352.3633	32778.8828	26247.1836	28546.3203	33036.7344	29813.8359	32723.4707	30944.8379	32394.2852	29021.0996	31386.8965	29560.1582	29975.1738	32145.4219	28627.4512	31069.3945	26007.9121	32276.1875	33328.2305	31723.0938	25280.75	29569.5742	30902.2832
1.4676	30481.2031	31415.6309	29019.8887	33613.5898	31007.9785	32569.3145	33122.7969	26730.2285	28912.2871	33943.5469	30145.9121	31800.4727	31303.457	35102.1992	28515.0664	32325.7578	29651.1367	30397.1328	33531.3359	28872.4395	31652.9238	27218.2266	32199.623	36005.3281	32128.082	27559.5801	29771.4844	36694.1875
1.6011	31623.4219	30592.0938	31364.0156	39078.375	31440.0625	34114.6172	31865.0156	27385.7109	27822.957	33613.5117	30472.709	30606.8652	32991.4102	34797.3945	29970.4941	32745.166	30593.875	32815.4062	38437.0859	30840.2715	32139.998	29467.1055	35183.3164	35099.2773	31734.6133	26411.7891	31305.9785	52043.2773
1.7345	31337.9824	31191.0625	33867.25	50977.9492	31898.4551	38983.9414	34100.9766	27361.7012	32508.2461	33845.9492	33335.7461	31559.6348	34574.75	39871.875	31065.6504	36952.957	31171.3496	31378.3809	48373.0664	33511.3086	33506.0977	34995.8516	35732.0469	35877.7383	34225.457	28684.4297	31391.8281	82695.2109
1.8679	34931.4648	32524.9609	43437.1641	76883.0859	32777.4844	47068.8008	36623.4258	28368.5078	37176.9961	36981.8164	35705.0547	33414.9258	41644.9375	52119.7305	34949.7539	41588.332	32546.209	30622.7207	67028.1172	44107.8984	33407.5039	43021.0156	40012.7266	37558.6133	39762.0273	29913.3887	33788.4844	100731.6406
2.0013	36293.0898	32676.1816	61435.1523	127579.6719	36436.3125	72422.4297	42180.6367	31826.2266	45999.6758	46759.6016	38758.7188	35173.0352	53240.2969	78997.9922	42130.6992	57106.4492	39575.0156	33808.2188	78167.3125	61102.3633	38215.6641	57746.1797	51412.3984	39897.8242	48868.332	32762.5762	37836.0586	76379.7734
2.1347	43545.5273	32704.7188	83450.4844	144262.0625	42890.3086	109753.0078	57261.7422	39995.4023	70918.1641	68455.8047	49671.2891	44917.2461	72562.5938	101018.125	56125.1367	88545.8906	47595.9336	36791.6484	62623.6445	63158.3203	50975.0586	60607.4102	69120.2812	46414.6992	72453.0469	41519.0586	54056.3867	48642.0938
2.2682	50836.6172	35350.6953	73299.7891	111692.9141	60066.25	118335.5156	90497.375	59592.0078	97153.7891	93501.8906	73492.9219	62987.0117	77430.5391	82220.8438	66624.2422	115328.3672	53033.9023	43989.8984	44179.1836	48746.3633	80697	47845.7656	75621.3828	69300.6328	94268.8203	58089.5273	83823.1875	34849.332
2.4016	47969.7383	42769.9375	50003.0117	69142.1875	68739.9375	83887.3359	108505.2266	74805.4922	88930.5	86273.5312	97087.1094	73064.4844	64434.5117	52108.1914	56074.707	98750.8672	52900.3086	66586	35376.5	36272.3164	111218.0469	35570.4336	60541.9531	94794.875	78435.8125	69029.7656	89255.6719	31599.4062
2.535	40867.4883	57678.2617	37333.0625	53019.5547	57832.9883	54992.3945	92265.0391	63445.5742	60782.4375	57217.8633	83593.8203	61784.3438	51763.7773	37609.3086	42093.4258	65492.0625	42151.4023	94770.5469	33599.0703	31753.3828	91504.3125	29294.7656	44201.1719	84940.7031	51048.1055	59264.9297	63919.0469	30831.3086
2.6684	34077.8359	80042.5312	33239.625	52817.4609	42321.3359	42120.6602	59793.0781	46510.3047	42256.9609	44086.0312	56501.4492	44646.832	48776.6211	33908.3594	39615.0664	46662.0234	37303.1016	91169	31929.0156	31143.3945	57741.5977	27630.291	39262.6484	61328.6836	39350.2812	41031.4297	42420.9258	30335.4785
2.8019	33502.7188	79215.6328	31108.6973	NaN	33825.7305	39792.9883	46464.7031	37316.0234	33771.5703	38815.9258	40733.5156	37284.5195	NaN	33072.6602	43584.1367	41068.2422	34529.5938	61357.9297	32682.9531	30235.9629	43650.2812	26971.9707	37419.918	61601.5781	34711.4375	34823.6484	34498.1875	NaN
2.9353	33881.8047	57768.832	NaN	NaN	31555.5762	38218.4727	46060.3047	33680.2148	31427.9141	35768.8789	37768.2109	33696.0469	NaN	32520.7441	NaN	37396.7344	31994.7148	42200.7578	31586.5469	NaN	40152.1289	26486.498	35138.3359	88757.3047	32664.3105	33366.0508	34199.7773	NaN
3.0687	33084.668	42601.9219	NaN	NaN	30073.4316	38812.5586	48572.4727	29768.3027	28916.3516	34626.8047	35647.4375	32272.9941	NaN	NaN	NaN	36444.2148	NaN	37704.6328	30091.6016	NaN	36060.8516	27318.1816	34133.25	NaN	31136.3027	35286.5195	NaN	NaN
3.2021	NaN	36149.7812	NaN	NaN	29418.2383	NaN	NaN	NaN	28966.3691	NaN	NaN	30840.7617	NaN	NaN	NaN	35296.4648	NaN	33021.625	NaN	NaN	NaN	NaN	34741.2891	NaN	NaN	36765.1641	NaN	NaN
3.3355	NaN	34590.0859	NaN	NaN	30099.7539	NaN	NaN	NaN	NaN	NaN	NaN	29815.252	NaN	NaN	NaN	NaN	NaN	30924.5762	NaN	NaN	NaN	NaN	NaN	NaN	NaN	NaN	NaN	NaN
3.469	NaN	35046.2852	NaN	NaN	NaN	NaN	NaN	NaN	NaN	NaN	NaN	30958.5723	NaN	NaN	NaN	NaN	NaN	31439.2461	NaN	NaN	NaN	NaN	NaN	NaN	NaN	NaN	NaN	NaN
3.6024	NaN	32900.2383	NaN	NaN	NaN	NaN	NaN	NaN	NaN	NaN	NaN	NaN	NaN	NaN	NaN	NaN	NaN	32788.0859	NaN	NaN	NaN	NaN	NaN	NaN	NaN	NaN	NaN	NaN
3.7358	NaN	32195.9082	NaN	NaN	NaN	NaN	NaN	NaN	NaN	NaN	NaN	NaN	NaN	NaN	NaN	NaN	NaN	32501.1367	NaN	NaN	NaN	NaN	NaN	NaN	NaN	NaN	NaN	NaN
3.8692	NaN	NaN	NaN	NaN	NaN	NaN	NaN	NaN	NaN	NaN	NaN	NaN	NaN	NaN	NaN	NaN	NaN	NaN	NaN	NaN	NaN	NaN	NaN	NaN	NaN	NaN	NaN	NaN
4.0027	NaN	NaN	NaN	NaN	NaN	NaN	NaN	NaN	NaN	NaN	NaN	NaN	NaN	NaN	NaN	NaN	NaN	NaN	NaN	NaN	NaN	NaN	NaN	NaN	NaN	NaN	NaN	NaN
4.1361	NaN	NaN	NaN	NaN	NaN	NaN	NaN	NaN	NaN	NaN	NaN	NaN	NaN	NaN	NaN	NaN	NaN	NaN	NaN	NaN	NaN	NaN	NaN	NaN	NaN	NaN	NaN	NaN
4.2695	NaN	NaN	NaN	NaN	NaN	NaN	NaN	NaN	NaN	NaN	NaN	NaN	NaN	NaN	NaN	NaN	NaN	NaN	NaN	NaN	NaN	NaN	NaN	NaN	NaN	NaN	NaN	NaN
4.4029	NaN	NaN	NaN	NaN	NaN	NaN	NaN	NaN	NaN	NaN	NaN	NaN	NaN	NaN	NaN	NaN	NaN	NaN	NaN	NaN	NaN	NaN	NaN	NaN	NaN	NaN	NaN	NaN
4.5363	NaN	NaN	NaN	NaN	NaN	NaN	NaN	NaN	NaN	NaN	NaN	NaN	NaN	NaN	NaN	NaN	NaN	NaN	NaN	NaN	NaN	NaN	NaN	NaN	NaN	NaN	NaN	NaN
