x	Y_20181208_15693b_1_11g	Y_20181208_15693b_1_12g	Y_20181208_15693b_1_3g	Y_20181208_15693b_10_16g	Y_20181208_15693b_10_1g	Y_20181208_15693b_10_7g	Y_20181208_15693b_10_8g	Y_20181208_15693b_12_10g	Y_20181208_15693b_12_4g	Y_20181208_15693b_12_5g	Y_20181208_15693b_13_10g	Y_20181208_15693b_13_3g	Y_20181208_15693b_13_4g	Y_20181208_15693b_2_11g	Y_20181208_15693b_2_15g	Y_20181208_15693b_2_3g	Y_20181208_15693b_2_7g	Y_20181208_15693b_3_18g	Y_20181208_15693b_3_19g	Y_20181208_15693b_4_12g	Y_20181208_15693b_4_14g	Y_20181208_15693b_4_2g	Y_20181208_15693b_4_30g	Y_20181208_15693b_5_14g	Y_20181208_15693b_5_23g	Y_20181208_15693b_5_26g	Y_20181208_15693b_5_9g	Y_20181208_15693b_6_15g	Y_20181208_15693b_6_18g	Y_20181208_15693b_6_2g	Y_20181208_15693b_7_16g	Y_20181208_15693b_7_1g	Y_20181208_15693b_7_5g	Y_20181208_15693b_7_6g	Y_20181208_15693b_8_7g	Y_20181208_15693b_9_10g	Y_20181208_15693b_9_3g
0	32903.5391	31450.2852	32727.6387	32172.2051	28461.8633	28383.5859	32623.7559	26838.4727	31628.9941	29763.4238	24819.9062	24474.3496	26294.25	31235.6895	31332.0508	26694.8398	29607.9453	27480.3926	31250.5391	29780.7656	30956.5273	28038.8594	28063.5605	32599.2363	31759.293	27507.666	27910.9043	32394.5742	35450.2422	31103.168	33715.7578	31858.7266	28767.1094	29137.6445	25029.4902	26637.1621	26263.4355
0.1334	30964.1543	31129.0742	34838.2188	34172.9922	29416.9805	29074.0742	31752.3066	27838.9648	30649.3223	31261.3809	25044.2891	25541.2812	25661.668	29807.3672	30384.2344	26172.4551	28944.2441	27286.4492	30244.7598	28740.5117	31481.2676	27483.6602	28042.6152	31267.5781	31580.3594	27159.1816	28531.0781	31178.2305	34579.7812	29613.8086	31555.8633	34777.0781	28688.4902	28809.2988	25657.4844	26734.5293	27522.7109
0.2668	32269.5449	31253.4648	32220.5645	33945.0117	28470.1621	29168.418	32888.4102	27469.1406	31214.8223	30255.9004	25698.2188	26372.6992	25299.1074	29422.0605	29612.2422	26921.2539	29872.8398	27421.5371	30295.2305	28429.1289	31562.7734	29467.9043	29063.166	31820.5977	32143.1172	28307.4688	27977.8457	30017.5137	35060.4453	27474.4551	32633.8027	41889.8359	28609.6621	28158.998	24610.5293	27172.3164	28828.5742
0.4003	32255.4121	34034.5312	33122.1641	33390.4609	28666.0234	29870.0215	34161.3828	27892.1211	31151.1699	30249.1836	24575.125	28017.3281	26220.8008	31951.623	29217.9531	29489.6895	31115.7461	27449.3828	29956.4023	31027.9023	31690.7383	28820.9609	28759.5234	31572.8301	32761.2812	27457.2246	27733.8984	29485.3672	35121.1484	28760.2617	32294.1602	61402.3516	28028.5254	28361.9141	24304.9531	26996.6582	27881.3594
0.5337	33385.4141	31231.0742	32579.0508	35935.207	31131.043	30013.0156	32680.3535	28421.7031	31989.7773	31303.0645	25769.6562	27476.9336	26861.1309	31237.7207	29404.123	28329.6543	29673.0059	28489.6992	30128.9883	32403.541	31773.2871	30850.2109	29359.9414	30457.7285	34164.4727	27468.6094	27589.8301	31320.248	34526.9609	29943.1094	32607.082	86595.0703	29299.7012	29308.2988	24073.1152	28880.2129	28437.1953
0.6671	33504.918	31698.584	32869.0938	40103.7266	32446.8086	30583.1445	30752.0352	28850.0742	32480.748	34583.8555	24954.2168	27316.9785	27743.8828	34528.0977	29554.8613	29295.0098	29902.9551	29675.5957	30982.4453	32449.873	33086.3867	29738.6016	27630.7734	32228.3398	37126.1055	29383.4414	29318.8828	33728.6055	33614.5156	28190.623	33070.0273	84523.4922	29200.6133	30493.8594	25191.7402	34456.918	26953.9922
0.8005	34476.2383	32065.418	33306.4062	46038.3711	35228.9609	31915.6445	31197.6621	25967.623	31864.1523	41240.9297	25557.3691	26301.7422	29580.8711	41293.2539	29427.7344	31510.6328	30020.3555	33018.3398	29737.8145	35979.2031	35821.7461	31172.666	27080.8242	34133.6875	44827.5977	29632.9473	31309.6562	35464.6172	32997.4102	28082.4766	32680.0703	58844.8555	29849.3887	29982.8555	24240.3672	40108.1289	30722.4062
0.934	39568.0078	30696.2734	33815.6758	64268.5195	37384.5273	36454.7734	31208.2598	27907.9316	32214.0176	60752.0039	27342.6641	27381.1406	37572.0234	57626.2695	28563.3594	36732.5898	28995.2227	43105.4141	30335.8633	41401.7852	38349.9258	36726.6641	29343.1621	37581.8125	59536.9023	31005.5703	30258.6875	43758.8164	34344.9766	30450.3965	31711.0195	40447.7656	31377.4141	32408.0391	24496.416	56750.0273	27821.1738
1.0674	57052.6367	33665.9219	37373.6523	81994.5156	44920.6289	45537.6445	32373.123	30747.4336	34764.3125	91961.5625	27578.916	28290.2578	51194.8516	85260.2031	30603.8613	49555.2969	29639.3047	60197.793	28651.2852	57041.957	46931.2461	43717.8828	30928.6191	48495.4414	88905.9062	34310.4219	36599.2656	53812.25	34173.3438	32790.9297	32200.3398	34049.4023	34894.0664	36949.0586	25555.7871	81381.2188	30690.4121
1.2008	91502.5859	35805.293	49879.6133	75972.7031	69892.1094	65035.0938	34156.457	32070.0215	38179.8398	88575.1016	30258.1641	27756.7793	72015.5469	87188.1328	33214.9492	78618.6562	29749.9258	65288.9727	31175.5547	73271.2109	66143.0938	54823.9531	36948.418	65716.6719	95724.7109	41682.0312	44771.8555	77330.2266	37006.5586	37708.8789	34849.0938	34759.9062	43154.418	46996.7734	25349.209	93042.5703	29485.8145
1.3342	100182.8281	38376.4727	82341.75	55229.2812	94830.8828	73307.75	37043.2227	36685.7656	50126.1797	60005.1016	37377.6602	29088.002	74579.3828	61418.7344	41288.7891	90971.9062	32140.4609	54128.8203	30260.834	67420.6484	81272.3438	62666.5156	50925.7109	77546.4375	65407.8633	57836.3086	61957.1289	113064.1406	40651.1406	56696.7812	41941.7617	34503.2031	60427.5703	65381.082	25392.0312	73265.7969	32453.1836
1.4676	74037.7109	48585.3008	122403.2344	42228.832	81907.7344	53734.8594	43042.6445	51668.2852	74616.2266	43050.2695	49238.0742	29283.1172	54852.6016	44240.6367	57535.0469	68318.6016	39640.7109	39050.4492	32798.9961	48008.1836	73502.1953	51969.8516	75420.6641	63504.8477	44987.9375	73430.3906	66993.9922	112506.2422	52881.7422	86216.0625	57609.9922	NaN	73692.5625	89148.5391	26162.5352	48579.6641	32747.4531
1.6011	50243.6016	68311.2812	115323.9297	35676.8398	55211.0195	39065.3477	61259.6914	68521.2031	98882.5859	37186.6562	49115.2109	30296.7461	40165.9844	37046.7695	67794.7188	44707.7617	45092.4258	33760.7461	38853.6055	38220.5078	52052.3672	38979.875	77198.9219	46334.9844	40369.3984	66944.75	51559.9883	84064.3047	83102.8125	105224.2188	87587.0547	NaN	62715.8555	87210.7812	30815.4766	36499.7109	40061.5312
1.7345	40095.6992	87503.2031	78755.7656	34862.8711	40643.1484	33477.1484	76900.9531	62494.6172	81402.9297	33406.0391	38525.793	36770.4531	31236.3281	33916.6211	58367.4219	33864.6953	43810.2656	32347.5117	47717.6016	34234.6719	41132.1094	31257.6914	54062.5273	39907.2461	39028.5898	50703.4492	38568.9297	54075.9609	130890.8984	89148.4688	107290.7891	NaN	45894.6055	64872.0156	40378.1758	33431.3125	54796.3867
1.8679	35671.0859	78121.2891	50778.6953	33353.625	36389.5742	32441.5	69937.5781	43622.0703	56868.1758	33004.4336	29736.6875	45093.8398	27904.9785	30443.6289	43513.5352	32855.3516	36978.2812	30203.084	46481.7891	33638.7656	37912.1289	30775.6152	40759.3945	39931.332	42395	38406.832	32077.6328	41629.8633	129194.2031	59976.6172	84551.9531	NaN	37769.6094	43130.1836	56751.1641	30566.8086	63761.043
2.0013	34904.793	55470.5391	40694.1445	32957.9258	40628.6328	NaN	48530.2344	34725.0664	44291.7344	31522.0312	27990.0801	63343.375	28502.2031	31646.5645	35192.4844	33045.4062	33264.8359	NaN	40575.1641	32222.4766	36521.7461	NaN	34301.8984	48136.6367	NaN	33708.8867	33270.6953	35466.0156	89780.3828	45723.8164	53804	NaN	34350.8984	34190.4375	74868.6328	29981.0293	50746.3789
2.1347	32906.3789	43235.1602	36809.6797	NaN	39090.0859	NaN	39306.5352	31378.1191	38486.3672	NaN	27560.7734	77960.1094	27819.207	31451.8438	33213.3125	33826.3008	31416.793	NaN	35258.8945	31237.123	33816.4961	NaN	31067.8535	NaN	NaN	31764.1172	34987.332	35085.0625	57114.125	41682.0117	43148.7305	NaN	34074.9609	32415.2188	70953.3203	30862.8965	38424.0898
2.2682	NaN	36391.7422	NaN	NaN	NaN	NaN	35658.7422	31392.1973	34876.2852	NaN	NaN	70352.7344	NaN	NaN	31734.2871	NaN	NaN	NaN	33938.5938	NaN	NaN	NaN	NaN	NaN	NaN	30546.9492	NaN	32675.0566	46941.5391	41625.0938	38832.8984	NaN	NaN	29416.2285	46890.3789	NaN	30616.2988
2.4016	NaN	36648.0078	NaN	NaN	NaN	NaN	NaN	30309.7188	35731.4727	NaN	NaN	48520.5234	NaN	NaN	NaN	NaN	NaN	NaN	32653.1543	NaN	NaN	NaN	NaN	NaN	NaN	30903.3223	NaN	33397.8125	42176.0742	42146.9844	37708.7852	NaN	NaN	NaN	31858.6035	NaN	28298.4023
2.535	NaN	NaN	NaN	NaN	NaN	NaN	NaN	29407.459	34887.1406	NaN	NaN	34613.8516	NaN	NaN	NaN	NaN	NaN	NaN	NaN	NaN	NaN	NaN	NaN	NaN	NaN	NaN	NaN	NaN	42635.8711	NaN	35474.3594	NaN	NaN	NaN	28774.6875	NaN	NaN
2.6684	NaN	NaN	NaN	NaN	NaN	NaN	NaN	NaN	NaN	NaN	NaN	28986.6562	NaN	NaN	NaN	NaN	NaN	NaN	NaN	NaN	NaN	NaN	NaN	NaN	NaN	NaN	NaN	NaN	38431.2266	NaN	NaN	NaN	NaN	NaN	26449.1152	NaN	NaN
2.8019	NaN	NaN	NaN	NaN	NaN	NaN	NaN	NaN	NaN	NaN	NaN	28295.9023	NaN	NaN	NaN	NaN	NaN	NaN	NaN	NaN	NaN	NaN	NaN	NaN	NaN	NaN	NaN	NaN	38547.9492	NaN	NaN	NaN	NaN	NaN	NaN	NaN	NaN
2.9353	NaN	NaN	NaN	NaN	NaN	NaN	NaN	NaN	NaN	NaN	NaN	25948.5723	NaN	NaN	NaN	NaN	NaN	NaN	NaN	NaN	NaN	NaN	NaN	NaN	NaN	NaN	NaN	NaN	NaN	NaN	NaN	NaN	NaN	NaN	NaN	NaN	NaN
3.0687	NaN	NaN	NaN	NaN	NaN	NaN	NaN	NaN	NaN	NaN	NaN	NaN	NaN	NaN	NaN	NaN	NaN	NaN	NaN	NaN	NaN	NaN	NaN	NaN	NaN	NaN	NaN	NaN	NaN	NaN	NaN	NaN	NaN	NaN	NaN	NaN	NaN
3.2021	NaN	NaN	NaN	NaN	NaN	NaN	NaN	NaN	NaN	NaN	NaN	NaN	NaN	NaN	NaN	NaN	NaN	NaN	NaN	NaN	NaN	NaN	NaN	NaN	NaN	NaN	NaN	NaN	NaN	NaN	NaN	NaN	NaN	NaN	NaN	NaN	NaN
3.3355	NaN	NaN	NaN	NaN	NaN	NaN	NaN	NaN	NaN	NaN	NaN	NaN	NaN	NaN	NaN	NaN	NaN	NaN	NaN	NaN	NaN	NaN	NaN	NaN	NaN	NaN	NaN	NaN	NaN	NaN	NaN	NaN	NaN	NaN	NaN	NaN	NaN
3.469	NaN	NaN	NaN	NaN	NaN	NaN	NaN	NaN	NaN	NaN	NaN	NaN	NaN	NaN	NaN	NaN	NaN	NaN	NaN	NaN	NaN	NaN	NaN	NaN	NaN	NaN	NaN	NaN	NaN	NaN	NaN	NaN	NaN	NaN	NaN	NaN	NaN
3.6024	NaN	NaN	NaN	NaN	NaN	NaN	NaN	NaN	NaN	NaN	NaN	NaN	NaN	NaN	NaN	NaN	NaN	NaN	NaN	NaN	NaN	NaN	NaN	NaN	NaN	NaN	NaN	NaN	NaN	NaN	NaN	NaN	NaN	NaN	NaN	NaN	NaN
3.7358	NaN	NaN	NaN	NaN	NaN	NaN	NaN	NaN	NaN	NaN	NaN	NaN	NaN	NaN	NaN	NaN	NaN	NaN	NaN	NaN	NaN	NaN	NaN	NaN	NaN	NaN	NaN	NaN	NaN	NaN	NaN	NaN	NaN	NaN	NaN	NaN	NaN
3.8692	NaN	NaN	NaN	NaN	NaN	NaN	NaN	NaN	NaN	NaN	NaN	NaN	NaN	NaN	NaN	NaN	NaN	NaN	NaN	NaN	NaN	NaN	NaN	NaN	NaN	NaN	NaN	NaN	NaN	NaN	NaN	NaN	NaN	NaN	NaN	NaN	NaN
4.0027	NaN	NaN	NaN	NaN	NaN	NaN	NaN	NaN	NaN	NaN	NaN	NaN	NaN	NaN	NaN	NaN	NaN	NaN	NaN	NaN	NaN	NaN	NaN	NaN	NaN	NaN	NaN	NaN	NaN	NaN	NaN	NaN	NaN	NaN	NaN	NaN	NaN
4.1361	NaN	NaN	NaN	NaN	NaN	NaN	NaN	NaN	NaN	NaN	NaN	NaN	NaN	NaN	NaN	NaN	NaN	NaN	NaN	NaN	NaN	NaN	NaN	NaN	NaN	NaN	NaN	NaN	NaN	NaN	NaN	NaN	NaN	NaN	NaN	NaN	NaN
4.2695	NaN	NaN	NaN	NaN	NaN	NaN	NaN	NaN	NaN	NaN	NaN	NaN	NaN	NaN	NaN	NaN	NaN	NaN	NaN	NaN	NaN	NaN	NaN	NaN	NaN	NaN	NaN	NaN	NaN	NaN	NaN	NaN	NaN	NaN	NaN	NaN	NaN
4.4029	NaN	NaN	NaN	NaN	NaN	NaN	NaN	NaN	NaN	NaN	NaN	NaN	NaN	NaN	NaN	NaN	NaN	NaN	NaN	NaN	NaN	NaN	NaN	NaN	NaN	NaN	NaN	NaN	NaN	NaN	NaN	NaN	NaN	NaN	NaN	NaN	NaN
4.5363	NaN	NaN	NaN	NaN	NaN	NaN	NaN	NaN	NaN	NaN	NaN	NaN	NaN	NaN	NaN	NaN	NaN	NaN	NaN	NaN	NaN	NaN	NaN	NaN	NaN	NaN	NaN	NaN	NaN	NaN	NaN	NaN	NaN	NaN	NaN	NaN	NaN
4.6698	NaN	NaN	NaN	NaN	NaN	NaN	NaN	NaN	NaN	NaN	NaN	NaN	NaN	NaN	NaN	NaN	NaN	NaN	NaN	NaN	NaN	NaN	NaN	NaN	NaN	NaN	NaN	NaN	NaN	NaN	NaN	NaN	NaN	NaN	NaN	NaN	NaN
4.8032	NaN	NaN	NaN	NaN	NaN	NaN	NaN	NaN	NaN	NaN	NaN	NaN	NaN	NaN	NaN	NaN	NaN	NaN	NaN	NaN	NaN	NaN	NaN	NaN	NaN	NaN	NaN	NaN	NaN	NaN	NaN	NaN	NaN	NaN	NaN	NaN	NaN
4.9366	NaN	NaN	NaN	NaN	NaN	NaN	NaN	NaN	NaN	NaN	NaN	NaN	NaN	NaN	NaN	NaN	NaN	NaN	NaN	NaN	NaN	NaN	NaN	NaN	NaN	NaN	NaN	NaN	NaN	NaN	NaN	NaN	NaN	NaN	NaN	NaN	NaN
