x	Y_20181208_15692_31_14g	Y_20181208_15692_32_3g	Y_20181208_15692_36_9g	Y_20181208_15692_38_11g	Y_20181208_15692_38_12g	Y_20181208_15692_39_14g	Y_20181208_15692_39_1g	Y_20181208_15692_39_7g	Y_20181208_15692_40_18g	Y_20181208_15692_40_8g	Y_20181208_15692_41_12g	Y_20181208_15692_41_1g	Y_20181208_15692_41_5g	Y_20181208_15692_42_17g	Y_20181208_15692_43_12g	Y_20181208_15692_43_7g	Y_20181208_15692_44_11g	Y_20181208_15692_44_3g	Y_20181208_15692_44_5g	Y_20181208_15692_45_16g	Y_20181208_15692_46_13g	Y_20181208_15692_46_17g	Y_20181208_15692_46_6g	Y_20181208_15692_7_7g	Y_20181208_15692_8_2g	Y_20181208_15692_8_4g
0	10721.1416	12384.7539	12324.6826	10527.3867	11685.1201	12813.333	10321.7334	12595.3652	10493.3447	11098.7021	10820.7568	9864.5312	11106.7207	9631.8066	10055.4492	10733.0713	11109.1992	14112.2168	10141.7021	11912.7627	10623.3203	13650.2949	11658.9922	11623.6064	13085.4219	9676.7285
0.1334	11381.584	12545.9199	13320.7402	11029.5527	11512.9824	13745.291	12104.6865	12913.8848	11533.8408	13204.8613	10669.3096	11648.6963	12897.1338	10038.9111	10472.0391	11560.8135	12300.4629	16065.5674	10727.373	12760.4424	10472.9395	15282.7109	14093.2939	12382.624	16696.5215	10309.1016
0.2668	12205.707	13524.4619	16103.6621	12246.8457	13510.7344	15488.3174	13286.6914	15518.7764	12546.5557	15980.4131	10470.874	13531.8809	16552.8066	10374.8555	10733.8359	13299.1475	14545.3555	17026.1758	12431.2881	12926.0928	10634.8467	20522.918	15315.875	14135.6338	18445.3555	10798.9521
0.4003	14944.8467	14782.3438	18829.4863	13149.6211	15681.7939	17183.791	16586.7402	17270.6387	14841.1641	16886.4805	10814.1016	14841.2344	18892.0078	10199.7383	11049.6592	15405.7236	15381.415	17489.459	14891.5498	13512.8164	11964.7305	21284.1836	16434.1973	15928.1436	16872.2734	11220.5059
0.5337	17743.2578	17585.3359	18422.0723	14704.377	17810.7246	17702.502	21306.9473	17215.6719	18344.7129	16793.959	11020.9863	14863.3369	18891.8555	10427.292	12880.208	19820.5371	14083.8076	15246.0547	17632.6484	16284.9727	14816.5889	17928.0059	15767.9756	17522.9785	14741.3945	10885.4521
0.6671	19196.2598	19543.377	17170.6445	16201.6396	18057.4238	16496.9941	25981	14944.168	19133.3457	15837.9414	12619.1055	13326.6846	16755.3945	11827.4062	14102.7148	21368.2168	14018.3291	15324.0674	17111.8281	15742.3877	17722.0391	16031.377	15031.125	17324.3496	14038.2363	11891.4219
0.8005	18797.4727	18387.0586	15842.2139	14630.252	15105.2705	14763.3955	25957.5488	13993.2686	18820.9531	14446.374	12773.2354	13885.9424	14880.499	14020.5859	16847.0078	18105.2793	12826.5107	14206.3887	14130.1621	14797.8721	18627.543	14477.1768	13784.0615	16433.3027	14436.9854	12580.2197
0.934	17240.334	16349.4062	15363.6406	14363.6787	14397.4678	14522.0898	22025.1992	13589.3174	16354.1846	14001.5625	12685.5459	13832.9297	14844.8789	16364.7314	16482.9102	14345.5752	12331.9424	13110.9961	12825.999	13813.4453	16182.2344	14206.1914	12655.5879	14545.2803	15721.9619	13910.043
1.0674	16486.6348	15678.0137	15354.3379	13377.5068	13292.6348	15977.4248	20258.2461	14386.5586	17360.957	14406.6104	12286.4043	13034.7578	16341.0098	17808.0039	16321.5586	13835.9873	12577.6807	13771.3887	12795.6826	12299.2295	15365.7021	14304.9033	12370.1953	14476.8955	15136.4121	15093.6406
1.2008	14554.0615	15991.8916	15362.3379	13827.9736	13745.8418	17843.082	17658.6309	15287.5566	16687.1367	13838.9795	11871.3701	13631.5859	16256.9307	15667.4775	16400.6211	12946.626	12535.1221	14247.3086	12697.0977	12938.4053	14401.5605	14495.833	11947.3711	15186.9844	14351.5859	13777.4033
1.3342	14600.7812	15059.8887	13145.1514	13250.376	12706.4746	17204.7559	16596.1367	14021.1221	17122.8262	13661.8057	12104.1475	13226.0752	15003.2559	13088.2207	14878.168	12508.0518	12569.415	13082.7539	12132.0205	11716	13529.3613	14017.0703	12211.2773	15694.4258	14295.8672	12999.7158
1.4676	15113.251	15145.5078	13612.3193	13041.708	13405.0439	16014.3799	15790.9814	13429.9531	15396.5732	13783.8359	12278.7266	12551.3174	14289.0537	12223.1377	14495.1455	13253.8682	12772.3105	13234.9375	12315.7451	11490.6836	14207.2568	13164.3789	11848.9336	15751.2783	14582.791	13201.2012
1.6011	14235.4834	14706.4248	13733.0986	12895.1348	14309.6348	15106.8682	16064.9492	13084.6055	15057.3047	13512.2578	12599.4707	11981.8047	14355.04	12863.4521	13487.8516	13883.6533	12461.4473	12442.7041	12593.5811	10829.2383	14461.5029	12773.5293	12216.6953	14957.0439	13665.9297	15958.4688
1.7345	13867.7598	13860.1611	13047.4141	13091.6699	13990.4434	13645.1045	15925.3564	12227.2266	14207.0957	12893.793	12003.9072	11788.332	14487.2393	12927.6152	12983.4531	12773.7061	12981.4678	12869.502	12400.9531	10658.2568	13603.6152	12092.0488	12381.3242	14758.6426	14242.9092	14920.1875
1.8679	12347.5859	12338.3379	13270.6729	12901.9756	13711.9375	12730.1309	15267.3271	11611.1465	13282.8408	12670.0625	12100.8496	12573.707	14271.1318	13553.7305	14016.6797	12223.6592	13334.2275	12340.417	13406.9805	10825.1475	13738.6172	12621.3252	12242.5557	16155.1221	13824.374	15107.6494
2.0013	12712.125	12256.8125	12632.2783	12027.6738	13574.4902	13479.2461	14209.8662	11581.7168	12386.4727	11919.9053	12584.7598	12347.1523	13641.6016	14320.8281	14361.1328	12657.5254	14377.3252	12443.3193	13849.7285	10691.9355	13606.9453	12260.7148	12089.2119	17856.7969	14225.166	14771.752
2.1347	13403.6953	11751.8965	11970.3574	11544.6963	13294.1768	13625.0879	13477.0566	11082.2256	11595.2979	12661.1797	12281.1582	12880.0654	12846.2344	14905.6377	14053.3516	13155.6338	14073.7197	12580.9639	14574.8262	11174.3438	14259.0869	12593.2451	12240.1914	17309.5859	14669.752	13908.168
2.2682	13251.9326	12473.7041	11633.5469	11438.7705	13685.541	15213.4619	13125.4414	11478.6543	11913.5566	13300.4688	12329.3066	12972.7881	12476.8818	13644.4395	13275.7939	13309.8965	13101.8213	13519.3789	13775.7275	11265.6934	14162.9297	12636.126	11773.2598	16962.5566	14476.1934	13778.6807
2.4016	13345.0635	12536.7139	11138.1777	11359.6816	14041.9834	15157.459	13416.9736	11663.6865	11798.3691	13627.6504	11538.4902	13300.2637	11911.8936	13751.0879	13575.8984	14814.5635	13313.7295	14368.457	13156.8027	11979.0947	13934.8555	13167.3174	11666.5693	17630.9766	13700.7676	12950.4287
2.535	13204.293	13058.1299	10795.5957	11570.0879	13526.9219	15003.6533	13168.1191	11587.0371	12825.5273	15851.5215	11333.3945	12852.8096	11741.6406	13058.7275	13672.9316	15843.1387	12881.291	13206.7041	12518.8291	11693.5039	14347.0127	12659.8438	10938.3721	16994.9941	13045.2666	12397.5361
2.6684	13432.6377	12793.4102	11095.9727	11934.8047	13222.6787	14187.1172	13698.6748	11510.2236	13938.5684	17973.916	10729.7354	13490.7041	11900.4316	14111.626	12363.5312	16048.9502	12961.292	12524.2451	11830.5703	12601.8047	13723.6299	12299.8682	11127.6387	16176.8408	12725.1016	11978.2275
2.8019	13213.3945	12374.0312	11674.2607	12506.8848	12690.5127	13735.0732	13804.9473	11889.168	13681.8359	18793.2031	10788.8809	13797.3301	12222.5303	14639.2939	12216.8027	15669.6826	12515.5801	12046.4531	12225.3203	12529.7197	13948.4092	12841.0293	10786.5967	15122.0693	12880.5332	11568.3379
2.9353	12827.3047	12596.9297	11517.8604	13160.8086	12297.7441	13239.5918	14274.1211	12426.3213	14049.6309	15172.4307	10810.0605	14027.4941	11616.4531	13333.124	12140.5146	14794.5898	12725.0459	10909.543	11982.7021	12298.9385	13420.5977	13397.4629	10127.499	14146.5986	14720.4482	11508.3574
3.0687	12486.7578	12168.5508	11300.7891	13192.0713	12173.0254	12626.9844	13038.6719	11985.7578	12738.0361	13461.5283	10898.9023	14667.6807	11054.5547	13080.4258	12050.3955	16366.1572	14247.0752	11170.4561	11487.2051	12171.624	13432.6709	12751.6055	10529.0645	13243.624	14278.6816	11610.3086
3.2021	11842.5547	11892.2402	11017.9443	12321.8467	12223.4492	12768.2334	12733.9854	11774.5381	12719.6006	12093.626	11994.2266	14649.6924	11060.8691	12346.9102	11653.4873	14537.0918	13735.1035	11763.0947	10923.0234	11676.9746	12717.5361	12038.0986	11406.6865	13164.3877	12377.5234	11259.7412
3.3355	12046.708	12129.4463	11241.7988	11409.2598	11878.6689	12709.126	12616.5098	11892.5518	11998.8682	11936.6826	12199.1592	13542.9268	11130.748	11865.9971	11746.0332	13256.4727	12887.1133	11264.4688	11118.5898	11608.3037	12253.084	12301.7373	11123.9121	13113.1338	12651.8506	10685.3447
3.469	12010.3555	11712.498	11439.4521	11007.7686	11798.3379	12895.9941	12999.8613	12168.2568	11863.9912	11216.917	11781.126	12894.3701	11818.2178	10965.999	12300.9141	12836.7422	12370.1572	11972.3857	11540.7627	11942.5859	12339.7197	12822.8291	11435.9434	13278.9727	NaN	12082.1475
3.6024	12160.8994	10505.5977	NaN	10739.7246	11282.4512	NaN	12738.9268	12482.7891	11534.8984	11153.0674	11868.0596	12891.2646	11448.3184	11142.1182	13418.0771	11795.2227	12389.7949	12762.8428	11569.1963	NaN	11195.6973	12680.7363	11226.5928	13223.1094	NaN	11454.4932
3.7358	11583.1846	10554.2217	NaN	11049.4277	11911.3564	NaN	12313.9531	11563.5166	11592.1943	NaN	12076.3682	12065.7061	11342.5469	11164.4551	13011.9395	12204.3018	NaN	12234.6299	11427.8359	NaN	11298.5771	NaN	11313.4863	13294.0361	NaN	11027.332
3.8692	NaN	10675.4834	NaN	10606.4229	11461.9443	NaN	NaN	11480.1562	11948.4746	NaN	12139.9092	12533.71	NaN	10923.9531	12346.5977	12247.0947	NaN	12109.3223	11051.9844	NaN	11524.8389	NaN	NaN	NaN	NaN	11615.0303
4.0027	NaN	10901.0283	NaN	NaN	NaN	NaN	NaN	NaN	11020.2754	NaN	11577.7891	NaN	NaN	10367.4189	NaN	11814.9824	NaN	12119.4443	NaN	NaN	NaN	NaN	NaN	NaN	NaN	11521.4248
4.1361	NaN	NaN	NaN	NaN	NaN	NaN	NaN	NaN	10904.2344	NaN	11981.5996	NaN	NaN	10701.8145	NaN	NaN	NaN	NaN	NaN	NaN	NaN	NaN	NaN	NaN	NaN	NaN
4.2695	NaN	NaN	NaN	NaN	NaN	NaN	NaN	NaN	12187.7803	NaN	NaN	NaN	NaN	11152.1445	NaN	NaN	NaN	NaN	NaN	NaN	NaN	NaN	NaN	NaN	NaN	NaN
4.4029	NaN	NaN	NaN	NaN	NaN	NaN	NaN	NaN	12281.1953	NaN	NaN	NaN	NaN	11321.2979	NaN	NaN	NaN	NaN	NaN	NaN	NaN	NaN	NaN	NaN	NaN	NaN
4.5363	NaN	NaN	NaN	NaN	NaN	NaN	NaN	NaN	NaN	NaN	NaN	NaN	NaN	NaN	NaN	NaN	NaN	NaN	NaN	NaN	NaN	NaN	NaN	NaN	NaN	NaN
4.6698	NaN	NaN	NaN	NaN	NaN	NaN	NaN	NaN	NaN	NaN	NaN	NaN	NaN	NaN	NaN	NaN	NaN	NaN	NaN	NaN	NaN	NaN	NaN	NaN	NaN	NaN
