x	Y_20181208_15693b_1_11g	Y_20181208_15693b_1_12g	Y_20181208_15693b_1_3g	Y_20181208_15693b_10_16g	Y_20181208_15693b_10_1g	Y_20181208_15693b_10_7g	Y_20181208_15693b_10_8g	Y_20181208_15693b_12_10g	Y_20181208_15693b_12_4g	Y_20181208_15693b_12_5g	Y_20181208_15693b_13_10g	Y_20181208_15693b_13_3g	Y_20181208_15693b_13_4g	Y_20181208_15693b_2_11g	Y_20181208_15693b_2_15g	Y_20181208_15693b_2_3g	Y_20181208_15693b_2_7g	Y_20181208_15693b_3_18g	Y_20181208_15693b_3_19g	Y_20181208_15693b_4_12g	Y_20181208_15693b_4_14g	Y_20181208_15693b_4_2g	Y_20181208_15693b_4_30g	Y_20181208_15693b_5_14g	Y_20181208_15693b_5_23g	Y_20181208_15693b_5_26g	Y_20181208_15693b_5_9g	Y_20181208_15693b_6_15g	Y_20181208_15693b_6_18g	Y_20181208_15693b_6_2g	Y_20181208_15693b_7_16g	Y_20181208_15693b_7_1g	Y_20181208_15693b_7_5g	Y_20181208_15693b_7_6g	Y_20181208_15693b_8_7g	Y_20181208_15693b_9_10g	Y_20181208_15693b_9_3g
0	12652.6689	11590.3271	14038.2607	13102.9111	11447.543	10425.7598	11272.3623	11559.6807	12725.5283	11955.8594	11987.165	9865.1699	15450.4795	11843.8076	11939.2646	12796.7256	11774.5596	11698.1592	11799.9609	12561.1914	12185.1953	12136.2568	11700.5391	13384.3555	14780.3193	12127.8936	11629.2324	16643.7754	10622.2637	12817.4824	11819.7705	12325.2314	12463.3232	11136.6855	12006.8262	12380.5908	12359.7793
0.1334	13604.0566	11692.5146	15147.3164	14997.623	12226.2871	11741.6836	11476.167	11482.04	12549.4551	13919.0879	13288.4795	11267.4551	18563.043	13577.0557	11503.5566	15175.4209	12190.0059	12551.4229	12687.2559	15296.8994	13323.2021	14932.1904	12698.748	16495.4355	15953.1885	14659.502	12868.126	21224.7695	10792.918	13402.3945	11870.3506	14872.1641	12147.5039	13180.9385	11895.8418	14006.8076	12979.6406
0.2668	18356.5645	13158.2871	17166.6582	16512.959	13896.4443	14569.5459	12933.1631	12438.8135	12654.3193	16703.0703	15027.0166	11977.7012	20337.4863	16417.1875	11966.835	16191.1777	12469.8584	15075.6152	14201.6504	17145.5547	14399.1787	17975.5312	14743.6582	19595.0977	20721.6035	16978.4141	13269.5176	23500.8555	11158.3418	15404.1172	11966.2998	18274.2832	12729.6201	16031.0684	12014.0127	15023.1768	13536.709
0.4003	20788.4727	15201.7412	17381.9297	15067.4287	15510.7559	17651.8945	14958.6201	12008.9473	13008.2861	16501.252	15740.8291	13385.4795	18315.8535	19747.2383	13788.3311	14529.6387	14577.3818	15350.3096	16471.709	15717.8037	17335.916	21237.8281	19070.3066	17107.5312	23749.957	18724.5684	13942.6445	19788.0859	12819.8301	17545.5117	12631.0029	18681.5605	13805.0391	17028.8164	12107.1025	16127.2305	14441.9561
0.5337	19081.1855	18014.9102	18035.25	14127.207	15939.3164	18267.4258	19371.1523	13433.6445	14645.9238	15996.2773	13940.0498	14381.377	14979.7178	18077.2578	14403.4717	14395.1631	17414.375	13751.7705	17336.7871	14490.3447	17707.0801	23274.0371	27891.1621	14709.1436	21804.5566	17007.2324	14007.1396	16841.0176	14712.9463	18544.5039	13952.9951	16019.6924	18267.2598	16834.9414	13668.3828	16001.3643	15583.4961
0.6671	17009.8164	19156.877	21316.9453	13552.7432	15443.9062	15889.2148	22005.9941	17567.9609	16867.9023	16000.3281	11485.9297	14212.4502	15646.2119	14490.3955	15259.6904	13379.6494	17429.5098	12787.5713	17872.1426	13429.5791	16620.041	22436.5312	29125.3516	13044.1934	19460.084	16549.0039	12852.418	15183.9502	16988.7109	16606.3984	15962.0439	13788.2539	19583.0352	15780.4561	15817.0977	15810.7041	15791.2969
0.8005	14967.5596	17119.3848	21224.5898	13717.7783	16266.1709	13895.3779	19404.9004	18156.9121	17353.3184	15485.8877	10885.6709	13946.9082	15898.0615	13142.2383	13853.8125	13569.3926	16445.8184	12530.458	16631.416	12253.5176	14063.3857	18520.6211	23082.6152	11435.1797	17182.9668	15312.5234	11233.9502	13319.75	16020.8965	15624.8574	15190.7041	13294.1572	18190.7402	15525.709	18414.7402	13537.582	16716.4844
0.934	13034.7012	15404.1641	19542.6953	13115.5273	16260.377	13784.4512	17007.5977	16578.9766	16525.1074	15601.5908	11294.4717	14132.7168	15805.3965	12704.0342	12440.4326	12533.9648	16572.625	11972.3799	15304.5557	11984.3096	13257.5908	15520.2246	18554.2891	12203.7471	15317.5244	14427.3389	10738.7773	12531.4424	13207.625	14905.1045	14204.1318	13248.4111	17146.1348	15210.8271	18828.2168	12733.0713	15688.6992
1.0674	12429.0049	15628.6748	16548.291	13723.0527	16334.3184	13304.5928	16575.0586	15239.832	14809.3994	14569.9688	11950.7412	14743.3037	14216.332	12705.1162	12085.9336	13792.9219	15284.3711	11053.8174	14914.3779	11151.1924	13384.6865	15980.7969	15121.1533	12478.1201	15322.2383	14475.6865	10699.5654	12285.4463	12607.0625	14386.7461	14325.1914	12815.835	15840.9639	14740.9434	17826.6152	11762.9805	15639.792
1.2008	12851.9922	14844.3301	14276.667	12658.6992	15801.9316	12953.5586	15361.9834	14011.2305	13916.5127	13249.707	12423.8594	15474.9424	14071.2686	12287.3018	11453.6016	13286.5684	14041.6758	10640.4756	14116.7041	11202.7334	12229.6973	15876.4717	14189.3037	11362.1807	13064.2979	13381.0225	10935.0312	13141.6426	12625.46	13395.1699	12723.7842	13744.2314	14845.3857	15028.7188	15722.3926	12059.8057	16223.7822
1.3342	13076.2998	15191.1797	12766.1289	12005.3242	14210.6982	12201.7832	15548.1709	12150.9336	15114.3525	12830.4609	12920.3516	15643.3291	13714.7822	12296.6689	12016.6406	12220.2305	13590.7744	10905.8662	12778.0264	11123.9365	12378.6914	14324.7783	12801.6074	11516.1846	12419.709	12391.998	10978.4609	12739.2197	14594.8184	13493.7061	12150.3867	13525.4736	13136.0332	14125.3262	15391.9814	11909.9453	16450.3652
1.4676	12570.9756	15453.2061	11968.917	11979.4365	13214.2441	12397.5225	15434.1836	11205.1689	14219.1084	12213.4102	12957.2773	13840.249	13044.167	12124.4863	11478.5469	11451.9072	13739.3252	10628.1064	13599.9648	10672.7715	13118.9199	12651.4385	13615.21	11046.0059	12344.7773	11759.5898	10929.0928	11721.0869	15430.6396	13151.8633	12707.8828	NaN	13029.665	13197.2959	14982.8447	11487.1494	14216.5625
1.6011	11955.1201	15656.5518	11070.0605	11771.2295	11957.7617	12290.1895	15379.0459	11196.5439	12332.377	11793.7021	11916.7158	13652.5684	12558.4307	12191.3799	11334.4873	11400.376	13006.1807	10419.5732	12895.8828	10629.0684	12834.2764	12396.5215	13407.7393	12319.0547	12408.6787	12254.291	10950.3652	11829.416	13788.3037	12447.4756	12852.5195	NaN	12281.625	12171.4102	14112.1709	11495.3291	14989.5312
1.7345	12421.5215	15292.3906	10945.7881	11900.2168	11370.9863	13251.1953	15080.4385	10576.9668	11811.5801	11414.167	11382.3047	13359.8184	12155.4014	11323.5264	10859.7051	11774.5244	12147.1299	11184.2598	13104.5605	10750.8711	12208.9053	12953.7988	13032.9102	12076.9258	12425.9541	11510.9453	10907.6406	11337.0371	12239.5146	12213.96	11210.0186	NaN	11189.792	11822.3896	13297.6006	11557.9648	13067.3516
1.8679	12006.499	14282.4512	11513.376	11845.0225	11279.7949	14229.9004	14092.166	10609.2148	11286.3203	11835.626	11965.4258	13381.6826	12330.1592	10911.3828	11194.6064	11919.6113	11486.3652	10980.9932	12785.9365	10599.3291	12344.0195	11995.4102	12557.6543	12176.4512	12192.7998	10757.7686	11149.957	11826.5146	11851.4688	12173.4775	10865.2119	NaN	11126.4023	11466.0488	12651.9678	11721.8193	13335.5938
2.0013	12190.8066	13660.4297	11338.7412	11995.5479	11841.8701	NaN	14030.041	10544.2676	11625.7002	11164.0771	12621.5488	12378.4131	13420.3789	11043.2432	11757.6914	11573.209	11258.4541	NaN	12592.4863	9908.459	12300.7881	NaN	12102.2822	12368.0615	NaN	10818.249	10312.0264	11694.9189	11392.0518	11644.4092	10667.8711	NaN	11415.4014	11392.6348	12065.6738	11619.5977	11597.0342
2.1347	13015.7939	13123.832	11753.4121	NaN	11663.3262	NaN	13170.001	10891.1055	11725.0508	NaN	11478.0098	11461.8955	13353.3789	10647.915	11414.5986	11841.7002	11555.6602	NaN	12272.832	10315.1787	11960.1592	NaN	11873.5869	NaN	NaN	11244.4521	11313.7031	11590.1602	11368.833	12530.5811	11129.9697	NaN	11597.9824	10596.8838	11711.7402	11681.9258	10611.4473
2.2682	NaN	13565.3447	NaN	NaN	NaN	NaN	12695.1133	10604.3418	11509.2578	NaN	NaN	11458.2529	NaN	NaN	11154.1592	NaN	NaN	NaN	12424.7881	NaN	NaN	NaN	NaN	NaN	NaN	10700.8965	NaN	12412.0352	11609.8037	11864.1465	11136.4248	NaN	NaN	10411.623	10842.0654	NaN	10982.501
2.4016	NaN	12970.335	NaN	NaN	NaN	NaN	NaN	10580.3857	11487.1709	NaN	NaN	10860.4561	NaN	NaN	NaN	NaN	NaN	NaN	12838.8809	NaN	NaN	NaN	NaN	NaN	NaN	10514.709	NaN	12088.9033	11043.1094	11333.9951	10692.7285	NaN	NaN	NaN	10826.0801	NaN	10070.4238
2.535	NaN	NaN	NaN	NaN	NaN	NaN	NaN	10399.4854	12025.8936	NaN	NaN	10653.1025	NaN	NaN	NaN	NaN	NaN	NaN	NaN	NaN	NaN	NaN	NaN	NaN	NaN	NaN	NaN	NaN	11548.7676	NaN	10826.9766	NaN	NaN	NaN	11324.8896	NaN	NaN
2.6684	NaN	NaN	NaN	NaN	NaN	NaN	NaN	NaN	NaN	NaN	NaN	10679.665	NaN	NaN	NaN	NaN	NaN	NaN	NaN	NaN	NaN	NaN	NaN	NaN	NaN	NaN	NaN	NaN	11472.8857	NaN	NaN	NaN	NaN	NaN	10428.0195	NaN	NaN
2.8019	NaN	NaN	NaN	NaN	NaN	NaN	NaN	NaN	NaN	NaN	NaN	9980.4551	NaN	NaN	NaN	NaN	NaN	NaN	NaN	NaN	NaN	NaN	NaN	NaN	NaN	NaN	NaN	NaN	12605.1357	NaN	NaN	NaN	NaN	NaN	NaN	NaN	NaN
2.9353	NaN	NaN	NaN	NaN	NaN	NaN	NaN	NaN	NaN	NaN	NaN	10080.2715	NaN	NaN	NaN	NaN	NaN	NaN	NaN	NaN	NaN	NaN	NaN	NaN	NaN	NaN	NaN	NaN	NaN	NaN	NaN	NaN	NaN	NaN	NaN	NaN	NaN
3.0687	NaN	NaN	NaN	NaN	NaN	NaN	NaN	NaN	NaN	NaN	NaN	NaN	NaN	NaN	NaN	NaN	NaN	NaN	NaN	NaN	NaN	NaN	NaN	NaN	NaN	NaN	NaN	NaN	NaN	NaN	NaN	NaN	NaN	NaN	NaN	NaN	NaN
3.2021	NaN	NaN	NaN	NaN	NaN	NaN	NaN	NaN	NaN	NaN	NaN	NaN	NaN	NaN	NaN	NaN	NaN	NaN	NaN	NaN	NaN	NaN	NaN	NaN	NaN	NaN	NaN	NaN	NaN	NaN	NaN	NaN	NaN	NaN	NaN	NaN	NaN
3.3355	NaN	NaN	NaN	NaN	NaN	NaN	NaN	NaN	NaN	NaN	NaN	NaN	NaN	NaN	NaN	NaN	NaN	NaN	NaN	NaN	NaN	NaN	NaN	NaN	NaN	NaN	NaN	NaN	NaN	NaN	NaN	NaN	NaN	NaN	NaN	NaN	NaN
3.469	NaN	NaN	NaN	NaN	NaN	NaN	NaN	NaN	NaN	NaN	NaN	NaN	NaN	NaN	NaN	NaN	NaN	NaN	NaN	NaN	NaN	NaN	NaN	NaN	NaN	NaN	NaN	NaN	NaN	NaN	NaN	NaN	NaN	NaN	NaN	NaN	NaN
3.6024	NaN	NaN	NaN	NaN	NaN	NaN	NaN	NaN	NaN	NaN	NaN	NaN	NaN	NaN	NaN	NaN	NaN	NaN	NaN	NaN	NaN	NaN	NaN	NaN	NaN	NaN	NaN	NaN	NaN	NaN	NaN	NaN	NaN	NaN	NaN	NaN	NaN
3.7358	NaN	NaN	NaN	NaN	NaN	NaN	NaN	NaN	NaN	NaN	NaN	NaN	NaN	NaN	NaN	NaN	NaN	NaN	NaN	NaN	NaN	NaN	NaN	NaN	NaN	NaN	NaN	NaN	NaN	NaN	NaN	NaN	NaN	NaN	NaN	NaN	NaN
3.8692	NaN	NaN	NaN	NaN	NaN	NaN	NaN	NaN	NaN	NaN	NaN	NaN	NaN	NaN	NaN	NaN	NaN	NaN	NaN	NaN	NaN	NaN	NaN	NaN	NaN	NaN	NaN	NaN	NaN	NaN	NaN	NaN	NaN	NaN	NaN	NaN	NaN
4.0027	NaN	NaN	NaN	NaN	NaN	NaN	NaN	NaN	NaN	NaN	NaN	NaN	NaN	NaN	NaN	NaN	NaN	NaN	NaN	NaN	NaN	NaN	NaN	NaN	NaN	NaN	NaN	NaN	NaN	NaN	NaN	NaN	NaN	NaN	NaN	NaN	NaN
4.1361	NaN	NaN	NaN	NaN	NaN	NaN	NaN	NaN	NaN	NaN	NaN	NaN	NaN	NaN	NaN	NaN	NaN	NaN	NaN	NaN	NaN	NaN	NaN	NaN	NaN	NaN	NaN	NaN	NaN	NaN	NaN	NaN	NaN	NaN	NaN	NaN	NaN
4.2695	NaN	NaN	NaN	NaN	NaN	NaN	NaN	NaN	NaN	NaN	NaN	NaN	NaN	NaN	NaN	NaN	NaN	NaN	NaN	NaN	NaN	NaN	NaN	NaN	NaN	NaN	NaN	NaN	NaN	NaN	NaN	NaN	NaN	NaN	NaN	NaN	NaN
4.4029	NaN	NaN	NaN	NaN	NaN	NaN	NaN	NaN	NaN	NaN	NaN	NaN	NaN	NaN	NaN	NaN	NaN	NaN	NaN	NaN	NaN	NaN	NaN	NaN	NaN	NaN	NaN	NaN	NaN	NaN	NaN	NaN	NaN	NaN	NaN	NaN	NaN
4.5363	NaN	NaN	NaN	NaN	NaN	NaN	NaN	NaN	NaN	NaN	NaN	NaN	NaN	NaN	NaN	NaN	NaN	NaN	NaN	NaN	NaN	NaN	NaN	NaN	NaN	NaN	NaN	NaN	NaN	NaN	NaN	NaN	NaN	NaN	NaN	NaN	NaN
4.6698	NaN	NaN	NaN	NaN	NaN	NaN	NaN	NaN	NaN	NaN	NaN	NaN	NaN	NaN	NaN	NaN	NaN	NaN	NaN	NaN	NaN	NaN	NaN	NaN	NaN	NaN	NaN	NaN	NaN	NaN	NaN	NaN	NaN	NaN	NaN	NaN	NaN
4.8032	NaN	NaN	NaN	NaN	NaN	NaN	NaN	NaN	NaN	NaN	NaN	NaN	NaN	NaN	NaN	NaN	NaN	NaN	NaN	NaN	NaN	NaN	NaN	NaN	NaN	NaN	NaN	NaN	NaN	NaN	NaN	NaN	NaN	NaN	NaN	NaN	NaN
4.9366	NaN	NaN	NaN	NaN	NaN	NaN	NaN	NaN	NaN	NaN	NaN	NaN	NaN	NaN	NaN	NaN	NaN	NaN	NaN	NaN	NaN	NaN	NaN	NaN	NaN	NaN	NaN	NaN	NaN	NaN	NaN	NaN	NaN	NaN	NaN	NaN	NaN
