x	Y_20181208_15692_30_1g	Y_20181208_15692_31_2g	Y_20181208_15692_32_7g	Y_20181208_15692_32_9g	Y_20181208_15692_33_7g	Y_20181208_15692_34_3g	Y_20181208_15692_36_12g	Y_20181208_15692_36_3g	Y_20181208_15692_36_7g	Y_20181208_15692_37_16g	Y_20181208_15692_37_20g	Y_20181208_15692_40_4g	Y_20181208_15692_41_2g	Y_20181208_15692_41_6g	Y_20181208_15692_41_7g	Y_20181208_15692_42_2g	Y_20181208_15692_44_11g	Y_20181208_15692_44_19g	Y_20181208_15692_44_8g	Y_20181208_15692_45_12g	Y_20181208_15692_45_16g	Y_20181208_15692_46_5g	Y_20181208_15692_47_1g	Y_20181208_15692_6_1g	Y_20181208_15692_6_5g	Y_20181208_15692_6_6g	Y_20181208_15692_7_1g	Y_20181208_15692_8_10g	Y_20181208_15692_8_1g
0	10485.4756	11267.9004	10944.9512	10406.0693	10760.0947	12346.8271	11485.5723	12386.5879	9653.3232	10572.2529	11342.6084	11051.8984	10039.4189	11764.8525	12959.4453	10639.8525	12353.5547	10756.707	13196.0312	10100.3896	10215.6416	10004.0469	11648.3721	9819.2432	13010.0264	10162.7715	9567.415	12296.623	10465.8799
0.1334	10256.2139	11862.6084	11961.9932	11098.3477	12183.1299	12772.6084	12135.1699	13386.3193	10474.6562	11539.5469	12679.9883	11804.0596	11281.5693	12553.541	13676.208	11192.623	12219.4795	12187.0215	15249.4111	10782.1553	11180.0283	11092.5859	12358.3867	11037.959	14364.2773	11138.2324	10176.3223	13702.6748	12850.5801
0.2668	10475.1465	13541.8779	14867.1855	11744.627	13237.2939	14139.9971	12881.0254	14066.708	11449.9199	13543.1504	15639.0801	12240.6582	11564.2363	14846.4277	14120.1455	13472.4043	13302.4922	13727.5957	18014.8965	11463.6445	12556.2295	11124.4482	14060.3604	13063.8555	16086.8096	13537.6074	11526.6777	15093.3994	15731.668
0.4003	11775.6016	15973.502	17449.0195	15061.0391	14593.2959	15434.2949	12772.2979	14446.8262	13456.1855	14008.3779	18779.9238	13482.5527	12689.4648	17453.1367	14487.6191	15335.7812	14319.1182	15443.752	17899.6387	13335.1572	14978.5518	11328.0908	17610.2891	17845.7402	17447.125	15823.7051	14730.7383	14594.1396	17885.502
0.5337	13973.3564	16854.5898	18065.5547	19154.5117	15171.7539	16073.207	12151.5869	15578.8818	16333.0176	14774.416	18797.3379	15501.0938	14121.3232	17828.9473	16243.1553	15245.8154	14831.4678	14814.3213	18374.9922	15848.7373	14934.0127	11846.5244	19386.6445	18984.6855	21366.0703	16509.6484	18980.0215	14426.71	16305.8281
0.6671	17055.0879	15820.8691	17606.8945	18797.0312	14110.127	15727.3662	12524.2188	15860.0879	16542.3984	15118.0498	18644.168	17972.3477	15354.459	16384.4941	16439.4805	16395.6211	14843.0029	14450.3672	16710.9531	16369.0391	15130.4404	13363.0928	18214.4414	16554.1309	20626.7852	15073.3447	19216.791	14016.6768	15137.2568
0.8005	17451.7773	15229.2227	17562.3887	16715.498	12923.5215	14321.1855	13287.2705	17368.9395	15800.623	14112.3789	17650.5391	19294.2812	15097.8613	15743.3291	15305.9092	15847.4258	14710.0332	14263.627	14926.8975	15664.2822	16637.7363	16657.5488	17467.4082	14194.2266	17683.4395	15528.8857	15774.1924	13632.8281	14843.8027
0.934	16663.75	14535.2686	17615.8828	16553.2852	12995.9844	14609.0312	13154.0625	15741.4336	14615.793	13367.3613	17201.7852	18222.8008	14851.376	14813.4873	14443.1924	15392.0283	14652.626	14678.1855	13852.4365	15899.0439	16744.7383	17396.9453	16736.0527	13689.8525	16283.0762	15574.958	14238.3613	12765.957	15125.167
1.0674	17241.4453	13564.7744	17159.7832	15937.4736	12650.9492	13895.5391	13277.1455	16201.7969	14308.2998	13939.1045	16861.791	16878.4902	15384.4033	14339.1719	14365.1562	14524.168	14892.3008	14686.7402	13935.7432	17016.7539	16239.9834	16393.1719	16537.2559	13291.7764	14268.4121	15640.9277	13769.2148	12277.208	14413.5
1.2008	16593.3086	14849.1523	17241.8887	15804.8311	12656.3301	13805.8701	13661.3301	16805.2637	13011.5127	13116.8633	16095.4541	16722.9688	14584.834	14582.7695	14049.5781	14007.8223	14524.9043	13896.7139	13563.6924	15815.5322	15351.1816	15301.3701	15444.4824	13189.4121	15470.7324	15209.1406	13512.2441	12680.0801	14548.5635
1.3342	17349.1504	15268.5049	17520.875	15477.3193	13149.6562	14579.4023	13623.6963	16973.6211	13912.7773	12489.1348	15528.3828	15983.4912	13632.9023	14312.248	13690.7139	13284.1133	13961.9844	14458.7744	12790.6641	16092.0127	15182.5684	14246.2266	15380.5879	12486.6162	16787.3594	14615.5264	13167.6992	12284.2529	14657.4385
1.4676	16466.1719	14594.6426	16930.2207	15789.8027	13053.0566	14256.4238	13364.1719	16002.5928	13512.2998	12980.2852	14894.1973	15811.2988	13319.0625	14535.0195	13355.5732	12394.9316	13396.8232	15029.1924	12655.3174	15996.5654	15573.1377	14245.8262	15473.4316	11298.6738	16542.1133	14844.1768	12212.6699	11417.9385	14011.6934
1.6011	16151.2549	14392.1738	15084.9551	14739.1025	11991.4795	14499.1924	13030.6807	16973.582	13507.1797	12966.1006	14291.5762	13854.8203	14194.5752	14346.1016	13348.4609	11852.4707	13403.5811	14441.3701	12730.1836	15397.0459	13949.0723	13992.0693	14700.8291	11458.7236	16046.8252	14637.666	11195.4785	11241.543	14094.3574
1.7345	15259.7539	14694.8398	15289.6279	13803.3574	11533.5439	14921.3711	13365.1582	17244.0508	13134.8984	12536.6562	13846.1318	13307.8652	13685.125	13502.6963	13198.6201	11708.2949	13684.6494	14558.4141	12147.0088	13665.9502	13053.3164	13166.4824	13405.3564	11523.5469	16573.9414	13535.0693	11556.8389	11592.2949	14712.5898
1.8679	13823.6963	15614.7725	14569.5107	14957.5	11565.9551	13996.2949	12620.832	15937.0977	12150.2549	13249.6748	14269.6104	12164.376	13091.7979	12688.415	12556.5537	11459.6797	13339.2998	13808.3027	11812.2881	13094.4141	12519.0176	13022.9785	12556.7939	10940.4814	16244.3828	13277.7754	11334.7217	11166.7275	14595.0205
2.0013	13678.6982	14240.8779	14210.6934	13376.0713	11530.5479	13293.4277	12786.2969	13910.9033	12707.2852	13559.0312	15540.5479	12128.9404	13434.6514	12504.1592	12732.7725	11210.8867	13660.9053	12928.0947	11428.7539	12361.3711	13011.0059	12561.2842	12524.4355	10667.0068	16884.9102	12970.2812	10770.6826	11159.0811	14881.5303
2.1347	13648.7881	14245.5908	13045.2285	13191.6182	12565.5664	13198.335	12021.2061	13174.0332	12710.2139	12879.207	14445.6416	12228.7578	12684.9326	11757.6045	12923.0615	11340.6328	13147.9326	12152.8203	11333.3047	11460.7266	11670.3701	13733.2764	12122.1924	10895.5811	15167.6016	14050.958	10673.5078	11406.6943	13798.9551
2.2682	13554.9443	13064.3535	13349.1816	13274.1436	13028.4199	13439.2666	12202.0527	12503.165	12563.6572	11791.5176	12835.2061	12970.207	11996.4814	11426.9043	12381.8145	11657.29	12566.7539	12616.4326	11952.8779	11417.4463	12273.1738	14554.0977	11580.6846	10969.9316	14172.1055	12726.3027	11034.668	NaN	13054.2139
2.4016	12642.3789	12534.8018	13204.3311	13431.7998	NaN	13726.4912	12737.9238	12680.7324	12870.0498	12483.6953	12649.2256	14194.3213	12301.5957	11353.0137	12007.5	12023.9736	12096.3828	12036.3574	11676.3291	11864.793	12219.1914	13414.5176	11443.4473	10928.2324	13594.6289	13368.043	10904.3438	NaN	12274.7822
2.535	12694.0459	13031.8164	13591.208	NaN	NaN	NaN	NaN	11422.8203	12771.0352	11999.3711	12333.4023	15276.9473	12619.25	10607.5967	11601.1025	11831.5635	11476.4189	11785.0508	12293.6172	11001.0107	11453.2998	12829.4404	NaN	NaN	13219.0635	12578.1494	10830.6367	NaN	11827.9893
2.6684	11144.0215	12378.3789	NaN	NaN	NaN	NaN	NaN	NaN	12290.8027	11595.9766	12089.7188	14558.9229	13049.5449	10925.3955	11431.9492	11322.6357	NaN	NaN	NaN	NaN	NaN	12107.2871	NaN	NaN	12567.9043	12264	10436.9121	NaN	11554.5771
2.8019	11183.2275	11965.25	NaN	NaN	NaN	NaN	NaN	NaN	NaN	NaN	11473.0234	13390.8584	NaN	10358.5068	11446.0303	11695.7666	NaN	NaN	NaN	NaN	NaN	NaN	NaN	NaN	12849.9736	NaN	NaN	NaN	NaN
2.9353	11413.3057	NaN	NaN	NaN	NaN	NaN	NaN	NaN	NaN	NaN	NaN	13038.6055	NaN	9724.4893	NaN	NaN	NaN	NaN	NaN	NaN	NaN	NaN	NaN	NaN	NaN	NaN	NaN	NaN	NaN
3.0687	NaN	NaN	NaN	NaN	NaN	NaN	NaN	NaN	NaN	NaN	NaN	NaN	NaN	NaN	NaN	NaN	NaN	NaN	NaN	NaN	NaN	NaN	NaN	NaN	NaN	NaN	NaN	NaN	NaN
3.2021	NaN	NaN	NaN	NaN	NaN	NaN	NaN	NaN	NaN	NaN	NaN	NaN	NaN	NaN	NaN	NaN	NaN	NaN	NaN	NaN	NaN	NaN	NaN	NaN	NaN	NaN	NaN	NaN	NaN
3.3355	NaN	NaN	NaN	NaN	NaN	NaN	NaN	NaN	NaN	NaN	NaN	NaN	NaN	NaN	NaN	NaN	NaN	NaN	NaN	NaN	NaN	NaN	NaN	NaN	NaN	NaN	NaN	NaN	NaN
3.469	NaN	NaN	NaN	NaN	NaN	NaN	NaN	NaN	NaN	NaN	NaN	NaN	NaN	NaN	NaN	NaN	NaN	NaN	NaN	NaN	NaN	NaN	NaN	NaN	NaN	NaN	NaN	NaN	NaN
3.6024	NaN	NaN	NaN	NaN	NaN	NaN	NaN	NaN	NaN	NaN	NaN	NaN	NaN	NaN	NaN	NaN	NaN	NaN	NaN	NaN	NaN	NaN	NaN	NaN	NaN	NaN	NaN	NaN	NaN
3.7358	NaN	NaN	NaN	NaN	NaN	NaN	NaN	NaN	NaN	NaN	NaN	NaN	NaN	NaN	NaN	NaN	NaN	NaN	NaN	NaN	NaN	NaN	NaN	NaN	NaN	NaN	NaN	NaN	NaN
3.8692	NaN	NaN	NaN	NaN	NaN	NaN	NaN	NaN	NaN	NaN	NaN	NaN	NaN	NaN	NaN	NaN	NaN	NaN	NaN	NaN	NaN	NaN	NaN	NaN	NaN	NaN	NaN	NaN	NaN
4.0027	NaN	NaN	NaN	NaN	NaN	NaN	NaN	NaN	NaN	NaN	NaN	NaN	NaN	NaN	NaN	NaN	NaN	NaN	NaN	NaN	NaN	NaN	NaN	NaN	NaN	NaN	NaN	NaN	NaN
4.1361	NaN	NaN	NaN	NaN	NaN	NaN	NaN	NaN	NaN	NaN	NaN	NaN	NaN	NaN	NaN	NaN	NaN	NaN	NaN	NaN	NaN	NaN	NaN	NaN	NaN	NaN	NaN	NaN	NaN
4.2695	NaN	NaN	NaN	NaN	NaN	NaN	NaN	NaN	NaN	NaN	NaN	NaN	NaN	NaN	NaN	NaN	NaN	NaN	NaN	NaN	NaN	NaN	NaN	NaN	NaN	NaN	NaN	NaN	NaN
4.4029	NaN	NaN	NaN	NaN	NaN	NaN	NaN	NaN	NaN	NaN	NaN	NaN	NaN	NaN	NaN	NaN	NaN	NaN	NaN	NaN	NaN	NaN	NaN	NaN	NaN	NaN	NaN	NaN	NaN
4.5363	NaN	NaN	NaN	NaN	NaN	NaN	NaN	NaN	NaN	NaN	NaN	NaN	NaN	NaN	NaN	NaN	NaN	NaN	NaN	NaN	NaN	NaN	NaN	NaN	NaN	NaN	NaN	NaN	NaN
4.6698	NaN	NaN	NaN	NaN	NaN	NaN	NaN	NaN	NaN	NaN	NaN	NaN	NaN	NaN	NaN	NaN	NaN	NaN	NaN	NaN	NaN	NaN	NaN	NaN	NaN	NaN	NaN	NaN	NaN
