x	Y_20181208_15693b_1_4g	Y_20181208_15693b_10_18g	Y_20181208_15693b_10_4g	Y_20181208_15693b_10_9g	Y_20181208_15693b_11_16g	Y_20181208_15693b_11_2g	Y_20181208_15693b_11_5g	Y_20181208_15693b_11_8g	Y_20181208_15693b_11_9g	Y_20181208_15693b_12_3g	Y_20181208_15693b_13_11g	Y_20181208_15693b_13_18g	Y_20181208_15693b_13_20g	Y_20181208_15693b_2_12g	Y_20181208_15693b_3_12g	Y_20181208_15693b_3_13g	Y_20181208_15693b_3_20g	Y_20181208_15693b_4_11g	Y_20181208_15693b_4_1g	Y_20181208_15693b_5_18g	Y_20181208_15693b_5_3g	Y_20181208_15693b_5_6g	Y_20181208_15693b_6_5g	Y_20181208_15693b_6_7g	Y_20181208_15693b_7_4g	Y_20181208_15693b_7_7g	Y_20181208_15693b_8_10g	Y_20181208_15693b_8_11g	Y_20181208_15693b_8_14g	Y_20181208_15693b_8_8g	Y_20181208_15693b_9_5g
0	13731.8516	13138.6934	10819.5361	10901.0039	9907.4863	10404.3818	10978.1582	11335.8633	9634.7871	11221.4766	11929.7881	9656.6494	14804.0615	14091.0811	12903.7412	13213.0908	12294.9668	11754.9912	14195.6562	12073.9902	10688.7891	10848.416	12592.332	12495.1025	11528.6943	15456.5625	12789.4043	11833.5459	13113.9268	11540.9443	13061.0176
0.1334	14274.0527	15884.582	11907.3125	10885.9043	10588.8555	10900.752	11818.3613	12085.7441	9972.4551	11605.3398	11902.7129	10540.3018	15158.126	13017.8428	14484.1094	17197.7578	12441.8564	12620.0762	17481.2168	12953.8184	12618.5703	11660.25	14220.9277	15140.1797	11758.7021	19400.7578	13571.8164	12783.8262	15707.3984	11741.4629	13261.1396
0.2668	14872.8555	18381.9414	12167.8223	11359.4365	11122.3418	13637.1816	12463.7471	12689.7314	10503.165	12285.3652	12690.7236	11299.4287	16561.498	14473.3418	16220.3555	20437.3008	12869.0967	15047.6094	17835.5352	13506.9824	13587.3818	12653.0127	15133.5068	18555.5645	11985.9531	22499.875	13893.2314	13983.2568	21383.5859	12516.0664	17328.5391
0.4003	17673.5742	18333.2793	12515.9619	11526.4961	11423.9004	18829.834	13512.8369	12967.0293	12680.8691	13479.3936	13985.5684	13112.5674	22339.6406	16771.3164	14602.0713	24523.0547	14177.4141	18126.8359	16819.5859	14669.4062	13274.9287	13924.4248	13508.4639	18066.4082	12774.9746	22058.4824	15707.6572	15586.541	26381.8652	13225.335	21640.6152
0.5337	19628.418	17207.9395	13883.2314	12206.9365	12059.8438	23122.9141	13001.001	13603.2842	15132.8711	15813.793	16040.0801	14552.7842	26649.9102	16926.5664	13362.4844	22044.7051	16875.2734	18518.127	16082.1709	17430.166	13524.4219	14031.8887	12645.1484	16198.7793	15267.21	19367.6738	18471.5742	16759.4473	27159.1426	12614.5537	21372.1211
0.6671	17110.4141	16359.001	16048.5068	13309.4463	12925.6777	23177.9492	11922.0361	15551.0254	15890.5049	16033.8594	16215.0713	13925.3809	25420.4805	15986.3955	12662.5479	19150.2871	16639.582	16801.5312	15346.7422	16451.4355	13739.6006	13515.1738	12263.0049	15306.624	18891.0703	17175.2148	22852.4922	17065.873	23303.7852	12318.7422	18202.3281
0.8005	15670.04	15846.9385	15445.3135	13581.0908	13570.0713	21740.0039	11641.3564	17188.6016	15725.9023	13890.7021	15202.585	12540.6318	21585.373	16472.416	12285.8838	17387.916	14603	14407.5391	17048.2891	14558.2578	13262.9561	12541.9609	12081.3613	14422.5283	19404.2051	14299.0381	23497.0801	15871.7178	18987.8848	11809.2646	16142.1279
0.934	14256.6768	15859.5566	13720.7432	12662.9004	12682.1953	18361.4395	10873.4014	18321.2793	13995.2168	13744.6582	14518.7783	12290.1943	19262.0117	17538.4902	11727.6934	16807.709	13293.0576	14331.2412	16329.3945	14738.3379	12789.5068	11812.209	11675.5068	13431.875	17954.3086	13368.5146	19036.7715	15080.6025	17005.6074	12065.6055	14612.5088
1.0674	13493.8037	14241.875	12627.1924	11910.6885	11593.5762	16305.0381	10828.0684	18293.8145	13593.3467	12616.6191	13309.7061	11215.3047	16437.0781	16613.7031	11523.3594	15529.1064	12904.1211	13516.2051	15595.4775	16646.0977	13279.9795	11273.9531	11354.3301	13709.0801	15638.8828	12800.3271	17066.3457	14625.5928	15657.3525	12067.5703	12448.8193
1.2008	12571.2686	13988.5166	11753.9609	11523.5703	12152.0928	15200.1143	11298.1758	16596.3828	14347.1572	12574.6113	12704.332	12882.6494	13826.9189	16116.6729	10892.5967	15312.8545	13003.0303	13967.1084	15200.6602	17368.6855	13440.3838	11524.0488	11483.3926	14239.9043	13560.6504	12858.1367	16596.8945	15205.0781	14488.7148	12626.751	13207.6367
1.3342	12451.6621	13646.6328	12333.7764	11337.5342	11741.1602	15175.9463	10734.5	16500.0664	13583.1152	13026.2266	12101.5986	13358.9209	13253.1787	16260.7295	11189.79	14281.5293	12836.1475	14275.5762	15249.4531	15780.1885	13307.9258	10754.7051	12015.4844	14109.4053	12826.1279	13188.2295	17508.4648	15760.0918	14314.3633	13343.0977	13544.7334
1.4676	12622.5391	13471.6953	13060.7568	11353.2549	11650.5557	13528.6963	10401.8438	16004.4316	15070.8584	14322.8555	12217.3008	14340.3672	13852.1436	15110.7207	11648.8369	13593.0029	13028.2773	13956.6797	14107.2998	14825.8164	12822.7168	11847.3438	12230.1436	14367.9258	13009.5312	13040.9473	18219.7109	15562.123	14025.3213	14339.9717	13184.3193
1.6011	12543.5176	12292.0127	13550.7588	10738.335	12248.7139	13649.7842	10929.7812	16208.293	15828.6572	15423.4004	12474.1084	13862.2373	13422.0322	14980.2432	11964.8525	14136.1738	12860.0742	13378.3369	13910.1133	15654.6211	12924.6709	12894.1992	13324.7803	14703.6768	13709.3643	12731.3965	18612.4961	15201.6104	12737.0156	15965.5947	12879.0908
1.7345	13734.1006	12096.458	14243.2744	11140.1875	12684.8408	12714.4668	11966.1797	15555.0156	15777.2393	15302.3906	12192.625	13766.5088	13374.7393	13574.5186	12668.2842	14223.2998	13136.2422	13213.4756	13362.6006	15648.3516	11676.5498	13279.667	12740.207	13281.9707	13910.0166	14283.4434	16843.9531	15535.7129	12945.8389	17581.7695	12716.877
1.8679	14043.5059	11702.7656	13295.5566	11742.249	13403.3828	12740.2148	13300.0127	15563.4248	15151.4336	15459.9971	13294.5791	14782.9893	13507.8564	13175.1504	13260.9414	14486.624	13118.6475	13298.2578	13282.6914	14241.7012	11777.4014	14090.4619	12114.1846	12643.7939	13143.04	14585.7891	14357.7793	15139.8721	13731.7383	16035.376	13305.5957
2.0013	13826.2305	11746.5879	15077.0977	11871.2363	14724.3018	12214.7686	12472.3027	14511.0098	14265.4766	16461.6055	13873.3066	14849.9141	13714.6465	12478.8516	12974.4844	15331.1758	14405.9512	13221.7402	13533.7891	14496.918	11803.833	14252.9785	11573.5801	12292.0947	12793.8721	14439.4229	13106.7275	13393.7568	14120.5039	14877.6191	13332.2871
2.1347	14278.7461	11827.0586	14196.9473	11849.875	13810.7832	12115.9619	11709.2363	14200.6104	13218.8018	16571.7285	13855.5557	14346.2158	14372.3174	12077.2422	13032.4365	15854.7344	15187.5469	12076.541	12875.6904	13021.7852	11723.7188	14539.4902	11437.2334	12209.1641	13542.6104	13803.75	12685.2168	13297.252	14973.4639	13446.2783	13523.6396
2.2682	14188.2812	11838.8945	13825.3047	13184.7793	13421.5088	11386.0996	11226.7334	14345.8408	12819.7158	16973.8867	14902.0312	13785.8145	14917.4512	11276.166	12984.5605	13997.9043	15165.1514	12184.6631	13530.6465	13229.8867	12134.499	13229.6016	11221.4033	12812.9033	13076.5137	12778.7725	12590.7275	12594.417	16391.1992	12587.7275	14197.6123
2.4016	15921.3477	12063.3438	13177.8018	12616.084	12590.4023	11709.5371	12022.4443	14122.5488	13070.1025	16562.3984	15168.4014	13249.6143	14023.6406	10572.166	12646.5908	12854.2246	15248.543	11611.9971	13302.8193	13178.9004	12345.9785	13689.2412	11449.2002	11041.7305	11943.5127	11487.5459	12320.5967	11695.9922	16691.4531	12338.5889	14170.9883
2.535	17214.3359	13021.5625	13082.6094	12801.5176	12384.8447	12528.7588	11668.4756	14677.2295	12739.7607	17526.1328	15848.958	12530.4277	13429.7314	10982.0732	12682.0947	12283.1289	15795.4463	10893.6973	13586.3828	13514.0654	13047.3135	13000.6348	11017.1826	10065.9727	11288.7344	11821.9951	11876.8701	11011.042	16135.3623	11305.8516	14300.1182
2.6684	17326.1738	13249.7881	14393.1924	13543.2051	12932.7354	12014.3916	10974.3818	15449.1406	12641.3496	16609.7305	15590.7676	12665.0381	13834.125	10702.6797	12887.6523	11966.335	16500.1602	10476.6055	13469.4355	14298.7432	12941.7148	12359.5527	11039.8564	10349.8936	11114.0459	12064.3799	12156.5986	11486.0947	16817.0312	11716.5586	13851.3516
2.8019	15093.0303	12614.1836	13186.3369	14982.5527	12905.8984	11630.5332	11969.9102	17483.2871	12571.7646	15391.0674	15082.8623	12250.6387	14532.6836	10369.6953	11991.2725	11938.5986	16163.8818	11396.0195	13665.8682	14567.9473	12378.7773	11462.1914	11260.9268	10282.5713	11148.3242	11748.3818	12152.9668	11993.3438	14575.6846	11128.1816	13081.2197
2.9353	13878.8877	12835.3369	12548.9023	16149.418	12023.3164	11838.8604	11662.125	16439.5078	13184.2451	13669.4004	13797.9287	11793.1758	13701.0938	10912.9229	12385.1602	11590.3945	14786.9717	11188.6807	13149.2549	13727.2715	12355.9502	11120.6328	11752.1436	10775.6865	10814.957	12055.0674	12026.8535	11588.1611	13373.5107	10864.9639	12838.3984
3.0687	12806.499	12323.9854	11823.2812	15861.623	11438.0527	11318.6934	11440.7178	15226.251	12774.6973	12546.5977	13368.4561	11967.1748	14153.4805	10919.542	12169.791	12319.4336	13795.1611	11172.2803	13140.7305	12670.4336	12142.0664	11422.0771	11908.5566	10380.6826	10469.2236	11329.8887	12002.6064	11838.3955	13173.2988	11178.6699	12224.4375
3.2021	13168.123	12122.5684	11755.8848	13866.668	11546.0908	11688.5859	11232.8799	13898.2705	13940.7568	13003.0479	13349.3027	12646.8594	13455.9053	10703.4277	NaN	12170.1191	13880.9316	11665.6523	13454.3779	12246.6416	12351.2998	11183.6162	10978.2822	10758.4395	10358.0273	11226.8047	11353.4199	12511.79	13004.3125	11808.666	12365.3682
3.3355	13200.1396	11887.0176	11887.9141	13443.249	11426.8945	11751.6016	11043.5625	12549.8945	13828.8584	12353.7705	12825.9395	12539.1152	NaN	10860.666	NaN	12489.7246	13744.2705	11493.5215	13579.0049	12504.8643	11661.8535	11186.1299	11611.082	11194.1582	10225.6143	NaN	11534.1895	11819.0186	12472.5137	11496.8633	NaN
3.469	12450.96	11617.5059	11882.5645	12184.0967	11875.1572	11395.4717	11570.748	11975.0957	13470.7363	13270.4785	13242.5752	11740.166	NaN	10476.0869	NaN	12528.9629	13055.835	NaN	13176.7607	12133.7891	11205.5049	NaN	NaN	10768.249	10492.9854	NaN	11614.3096	12772.1504	NaN	11699.0615	NaN
3.6024	12728.0879	NaN	11565.5264	12624.4365	11161.373	NaN	NaN	11917.627	13411.1562	12952.8857	13304.4111	12401.9258	NaN	NaN	NaN	12568.7588	12314.9492	NaN	NaN	12336.7334	NaN	NaN	NaN	NaN	10277.5352	NaN	12012.9717	12659.374	NaN	NaN	NaN
3.7358	NaN	NaN	NaN	12439.8086	11434.5	NaN	NaN	12202.4111	13688.9766	12501.2002	12959.707	NaN	NaN	NaN	NaN	NaN	11826.7754	NaN	NaN	NaN	NaN	NaN	NaN	NaN	NaN	NaN	NaN	NaN	NaN	NaN	NaN
3.8692	NaN	NaN	NaN	12007.2295	11552.6816	NaN	NaN	11874.1221	13672.6445	NaN	NaN	NaN	NaN	NaN	NaN	NaN	NaN	NaN	NaN	NaN	NaN	NaN	NaN	NaN	NaN	NaN	NaN	NaN	NaN	NaN	NaN
4.0027	NaN	NaN	NaN	NaN	NaN	NaN	NaN	12302.1025	12822.4395	NaN	NaN	NaN	NaN	NaN	NaN	NaN	NaN	NaN	NaN	NaN	NaN	NaN	NaN	NaN	NaN	NaN	NaN	NaN	NaN	NaN	NaN
4.1361	NaN	NaN	NaN	NaN	NaN	NaN	NaN	NaN	12477.7188	NaN	NaN	NaN	NaN	NaN	NaN	NaN	NaN	NaN	NaN	NaN	NaN	NaN	NaN	NaN	NaN	NaN	NaN	NaN	NaN	NaN	NaN
4.2695	NaN	NaN	NaN	NaN	NaN	NaN	NaN	NaN	NaN	NaN	NaN	NaN	NaN	NaN	NaN	NaN	NaN	NaN	NaN	NaN	NaN	NaN	NaN	NaN	NaN	NaN	NaN	NaN	NaN	NaN	NaN
4.4029	NaN	NaN	NaN	NaN	NaN	NaN	NaN	NaN	NaN	NaN	NaN	NaN	NaN	NaN	NaN	NaN	NaN	NaN	NaN	NaN	NaN	NaN	NaN	NaN	NaN	NaN	NaN	NaN	NaN	NaN	NaN
4.5363	NaN	NaN	NaN	NaN	NaN	NaN	NaN	NaN	NaN	NaN	NaN	NaN	NaN	NaN	NaN	NaN	NaN	NaN	NaN	NaN	NaN	NaN	NaN	NaN	NaN	NaN	NaN	NaN	NaN	NaN	NaN
4.6698	NaN	NaN	NaN	NaN	NaN	NaN	NaN	NaN	NaN	NaN	NaN	NaN	NaN	NaN	NaN	NaN	NaN	NaN	NaN	NaN	NaN	NaN	NaN	NaN	NaN	NaN	NaN	NaN	NaN	NaN	NaN
4.8032	NaN	NaN	NaN	NaN	NaN	NaN	NaN	NaN	NaN	NaN	NaN	NaN	NaN	NaN	NaN	NaN	NaN	NaN	NaN	NaN	NaN	NaN	NaN	NaN	NaN	NaN	NaN	NaN	NaN	NaN	NaN
4.9366	NaN	NaN	NaN	NaN	NaN	NaN	NaN	NaN	NaN	NaN	NaN	NaN	NaN	NaN	NaN	NaN	NaN	NaN	NaN	NaN	NaN	NaN	NaN	NaN	NaN	NaN	NaN	NaN	NaN	NaN	NaN
