x	Y_20181208_15693_1_12g	Y_20181208_15693_10_14g	Y_20181208_15693_10_7g	Y_20181208_15693_11_15g	Y_20181208_15693_11_1g	Y_20181208_15693_11_2g	Y_20181208_15693_12_2g	Y_20181208_15693_12_4g	Y_20181208_15693_13_14g	Y_20181208_15693_13_1g	Y_20181208_15693_13_9g	Y_20181208_15693_14_6g	Y_20181208_15693_14_8g	Y_20181208_15693_16_1g	Y_20181208_15693_17_3g	Y_20181208_15693_17_6g	Y_20181208_15693_17_7g	Y_20181208_15693_18_12g	Y_20181208_15693_18_7g	Y_20181208_15693_19_2g	Y_20181208_15693_2_3g	Y_20181208_15693_2_6g	Y_20181208_15693_2_7g	Y_20181208_15693_2_9g	Y_20181208_15693_20_4g	Y_20181208_15693_4_5g	Y_20181208_15693_4_6g	Y_20181208_15693_5_2g	Y_20181208_15693_5_4g	Y_20181208_15693_6_4g	Y_20181208_15693_6_5g	Y_20181208_15693_7_3g	Y_20181208_15693_7_9g	Y_20181208_15693_8_3g	Y_20181208_15693_9_4g	Y_20181208_15693_9_6g
0	29639.4062	30611.4531	31164.7871	29756.8574	29682.8691	27557.4395	30140.7109	29525.6309	29882.9316	27683.3359	26157.0371	29881.3457	31530.1133	31896.8984	29122.6133	30089.75	32187.3418	31800.9336	31152.0117	27261.1602	30940.9629	29696.8711	27837.3008	29611.5039	29820.5215	31167.3418	26296.7988	27271.002	29961.4746	31802.625	29141.5117	27706.6895	27813.5312	30686.5547	25780.5312	30218.209
0.1334	31606	30071.8203	31335.5137	31270.5879	30023.9043	28168.1797	29351.082	30421.8203	31432.5703	27995.0879	27650.2363	30275.1523	30316.9004	31175.7715	29256.3926	31513.6504	31927.248	31170.0762	30634.3789	27935.4082	32435.2598	31032.6797	29388.2969	30961.8652	29651.0977	31504.373	26343.2695	27012.5273	29928.5137	32699.9336	29921.1719	29105.9238	29102.8301	30779.6211	27437.8105	29855.7324
0.2668	31405.2637	30174.248	31468.957	32158.7383	29451.9805	28187.2363	29160.0234	30123.9023	29723.791	28664.9648	27183.4434	30767.1484	31169.502	35175.2422	30072.7422	30330.4844	33357.8789	31810.4336	32832.6016	27724.4707	33373.1992	30169.3379	29958.3047	32080.8281	29691.8184	31682.584	26559.623	26677.6621	30487.8281	33264.7578	30179.9375	29334.4668	28728.5742	31897.7227	29027.416	30225.6562
0.4003	31512.6816	31470.0098	29896.0195	33284.9062	29779.127	27419.375	29139.6387	28545.4141	30641.7812	28877.6719	27551.6211	31128.709	30273.7168	35488.6094	29327.3008	32372.5723	33243.8672	32100.2539	31655.0645	28226.7852	31755.5742	31653.084	29154.3086	31606.0605	30049.5879	33364.7109	26662.5137	26905.4668	31408.9453	31960.4844	30453.7168	30349.7988	28640.8105	32312.9941	28798.0801	30109.3887
0.5337	32753.6348	30052.875	29626.3926	32823.1445	29377.5605	27571.8164	29021.248	30109.1094	29418.7109	29354.707	27531.2891	30837.8926	31429.0859	33736.8672	31095.4258	32586.6055	33019.125	31721.9922	30968.127	28221.1133	31560.3633	31535.4277	30045.2812	31272.1309	30249.8945	32204.4531	26299.7969	28211.502	31378.2051	33076.8828	30595.1602	29434.2734	28955.9629	32436.2363	27172.0273	30230.3535
0.6671	33930.9375	29643.2539	30821.793	33365.9375	30542.9688	28608.3477	29525.8398	30143.0879	29201.9883	29096.3867	27274.7734	30687.3672	30592.3262	34940.2109	30964.2715	31942.9824	33345.6719	32416.6289	31753.1289	26583.9746	32752.4277	30972.4219	31162.1914	31157.6426	30980.9766	31753.4746	25656.9941	28305.9277	30955.5645	33853.8203	28952.9121	30912.2539	30630.0586	30623.6504	27016.8926	30113.9219
0.8005	35116.7266	30697.7734	31234.6406	33017.1641	32604.2949	27445.2363	29485.8379	29615.959	30192.7031	31487.3457	26793.3594	30298.2109	30146.2734	34068.5547	31772.2344	31784.3359	32746.334	33971.0703	32302.877	28411.0586	32134.7148	30512.5	29955.7656	31564.3242	29417.9219	31659.8398	25879.0723	28586.8906	31674.9336	33964.5508	30141.8555	28977.2168	30823.4023	31253.2266	27020.6582	29908.9375
0.934	36945.5781	33218.418	31713.6309	33214.9883	30057.1211	28256.1426	31338.3105	29516.0879	30331.5391	30351.9102	27821.4746	30533.957	31045.3809	33176.0469	32667.6934	31857.7129	32252.9414	34629.5977	31201.3711	28006.6328	32288.1172	30942.418	29979.6211	32910.8516	31035.5117	31632.9922	26062.1035	28721.9629	32912.2148	33786.1953	31984.5586	30603.9414	31110.7773	32457.543	27826.25	30486.5156
1.0674	37915.1445	33273.7539	32396.418	33937.7383	29898.084	28131.3906	29221.8809	30858.3223	31186.2129	31103.1445	27027.9043	29205.0898	32131.5762	33320.375	33676.4375	31781.7266	32208.3145	36275.7969	31520.2188	29687.582	32169.459	32794.082	31673.3594	33335.4023	29941.3691	31371.3555	24132.1816	28783.8359	30340.5195	34209.9414	32038.291	32825.7266	30294.459	33843.7578	28674.5898	31581.166
1.2008	38007.6641	31251.6602	32406.5586	32809.3359	31989.8633	27587.5156	29395.0352	31394.5156	31373.1816	29801.3262	28232.666	29239.6172	31896.1465	33075.0391	35442.4961	30889.0918	32714.7754	35839.1719	32008.5977	29999.7188	33298.2773	33223.8711	31939.5801	33970.5508	31551.3594	32242.7559	24234.5527	29183.2715	31659.6016	34076.6445	35340.8789	30774.9102	31706.1504	36443.6562	28441.332	32060.8047
1.3342	38052.2148	30643.0918	32706.123	33427.0078	31016.0781	30117.6758	30661.541	29722.8828	31031.9199	31352.4258	28395.1289	29039.6406	31793.1367	34767.0117	37471.7266	31435.2031	35433.5469	36156.9883	33416.7695	33610.2578	32468.6875	33184.9336	31736.3984	33918.6016	30313.9922	33120.7773	27432.0352	32888.8164	31757.6523	34321.2383	37506.668	35251.9727	31345.6973	42153.4883	28534.6367	35053.0508
1.4676	39223.5273	31685.9043	33047.1758	33875.25	30779.3594	29024.8672	30475.4688	31019.584	30722.5137	32636.4141	29097.1816	29081.2363	34066.4805	35901.7578	43746.9375	33305	33700.1289	36923.2773	32928.1289	41985.2109	33774.2891	33336.7773	35538.1172	32634.1465	31143.418	32972.9727	26419.4434	41801.1719	30841.791	35912.6406	45596.1367	43483.2031	33223.2383	59309.5859	29442.4375	39025.2578
1.6011	38799.9336	31951.6797	37062.0625	34897.3984	33146.8984	32382.6113	32561.2559	34044.9727	33712.3281	36548.3203	30067.959	32426.5098	36137.9336	35402.7344	46128.2344	34442.1758	35924.2617	35590.8242	33052.5039	45600.1328	36500.0273	34260.8672	45304.9453	33172.293	32789.4336	33755.8047	29748.1523	60821.1719	31823.6133	36609.6328	68499.5312	60892.3789	37125.0547	88750.6953	28489.2871	50263.8008
1.7345	43579.8984	31465.2266	50466.9727	36270.8242	39122.9375	36759.6484	38484.9961	36127.3398	32528.9121	46162.7656	36813.3594	36830.4609	44757.7461	38152.2773	43483.9219	39706.1875	44979.3086	35971.7617	35837.6172	38631.5859	46524.2148	35290.8242	58669.6016	35652.8789	33665.5117	36939.0273	38697.6523	63247.7188	32116.1484	41497.3555	85214.1328	72056.9375	46211.7383	109196.9297	27304.7441	51567.5781
1.8679	57426.3242	33207.168	60656.9727	37227.0273	55514.6406	43130.2383	48626.2031	43333.1758	32075.1445	70381	44160.1836	44443.0078	53726.918	40297.5273	37488.5234	53764.2305	60427.8008	36863.5703	40301.3242	36531.3008	67692.1172	36096.5234	63669.2188	40540.6016	36923.4609	44149.4336	48719.9258	50318.8711	32747.9004	49686.2891	75474.3125	62939.0781	55408.8828	84626.3516	27617.4609	40284.6523
2.0013	80039.8906	33454.0312	61618.4062	44400.2188	68861.25	41716.2422	49613.6055	48647.4805	29999.4609	86255.0547	49794.9609	61611.3164	64144.2422	46586.0117	32196.1289	75814.9688	80838.7344	35912.8164	56042.2461	NaN	72763.8984	40945.7461	47652.8242	51198	41775.1719	63021.4531	48627.6914	38562.375	34824.043	72170.2891	52414.2773	44949.1953	50344.4375	56916.7852	29000.1445	34927.8828
2.1347	97351	35130.1641	45844.6641	60752.418	61726.5898	33370.5156	40659.5195	42317.4062	31948.0898	67987.8359	42802.2773	76575.0469	85618.2109	54922.8203	32253.334	82098.0625	82527.2188	36575.6484	71839.9219	NaN	60452.1094	51187.6523	38311.6289	60388.8789	45904.0547	89063.4844	39061.3359	33999.8945	40129.2812	87110.9531	41301.6133	35275.8438	41214.25	39837.918	29341.1348	33239.125
2.2682	82603.0078	39730.3047	36873.8398	76100.9531	47092.9336	32187.8301	34558.7109	35563.5039	35303.3828	44435.7109	34097.3867	63167.4688	108031.1641	71920.3828	31367.7422	58457.4961	60260.8047	38369.2695	63815.1562	NaN	46438.7461	60658.9727	33848.0078	53385.918	38737.6328	89787.875	29394.8223	NaN	43613.6758	69641.5078	35441.6289	32786.543	35900.6016	36253.3828	36357.9453	NaN
2.4016	57826.3945	50532.8633	32598.6035	69414.5781	38145.9258	28735.0371	30723.502	33975.2617	37519.9336	34170.8828	30746.0215	46712.1289	88979.7734	65894.0703	32078.7793	43785.3945	42648.4141	42299.0898	51923.6914	NaN	43229.793	57999.4844	31856.1699	40386.0898	35817.8672	62671.3867	27288.1387	NaN	40620.375	47737.3672	33337.8633	NaN	34314.832	34609.5117	47597.5508	NaN
2.535	43176.1758	61619.9102	31460.332	50032.6133	34439.4336	28415.377	30086.6504	31825.334	42685.1484	31560.4512	NaN	36185.3086	NaN	48624.3281	NaN	34485.4688	34360.2148	47280.5898	43719.0312	NaN	NaN	46017.7656	NaN	35748.5742	34169.1367	43073.5625	NaN	NaN	38015.9375	40667.1797	33928.7422	NaN	33720.8945	NaN	54090.3516	NaN
2.6684	39077.2617	59497.3477	30565.998	40978.3828	32655.6602	27868.3828	28986.1914	NaN	57878.0156	28510.9141	NaN	31582.2148	NaN	37520.707	NaN	33643.2734	32390.1016	45763.25	40619.8477	NaN	NaN	39200.2891	NaN	34551.0312	32689.6895	35152.8125	NaN	NaN	NaN	40680.9297	34101.8867	NaN	33374.6016	NaN	47788.3477	NaN
2.8019	36533.875	45553.3828	NaN	37200.7578	31086	NaN	NaN	NaN	75947.3438	28191.002	NaN	30186.502	NaN	34343.4453	NaN	31664.5996	31235.3164	43726.7344	NaN	NaN	NaN	35651.0508	NaN	34034.4062	NaN	31789.7734	NaN	NaN	NaN	46376.7617	NaN	NaN	32729.5117	NaN	36601.6133	NaN
2.9353	35843.1758	35941.5391	NaN	NaN	NaN	NaN	NaN	NaN	66077.4531	NaN	NaN	30816.6191	NaN	NaN	NaN	31533.1738	30231.7773	NaN	NaN	NaN	NaN	35502.1406	NaN	33129.0859	NaN	30254.6836	NaN	NaN	NaN	NaN	NaN	NaN	NaN	NaN	31428.0996	NaN
3.0687	NaN	34661.3984	NaN	NaN	NaN	NaN	NaN	NaN	47356.2773	NaN	NaN	30722.2305	NaN	NaN	NaN	NaN	NaN	NaN	NaN	NaN	NaN	NaN	NaN	33541.2656	NaN	NaN	NaN	NaN	NaN	NaN	NaN	NaN	NaN	NaN	29737.2656	NaN
3.2021	NaN	33808.1406	NaN	NaN	NaN	NaN	NaN	NaN	39695.1055	NaN	NaN	NaN	NaN	NaN	NaN	NaN	NaN	NaN	NaN	NaN	NaN	NaN	NaN	32976.543	NaN	NaN	NaN	NaN	NaN	NaN	NaN	NaN	NaN	NaN	29618.707	NaN
3.3355	NaN	33085.5625	NaN	NaN	NaN	NaN	NaN	NaN	37154.6602	NaN	NaN	NaN	NaN	NaN	NaN	NaN	NaN	NaN	NaN	NaN	NaN	NaN	NaN	NaN	NaN	NaN	NaN	NaN	NaN	NaN	NaN	NaN	NaN	NaN	NaN	NaN
3.469	NaN	NaN	NaN	NaN	NaN	NaN	NaN	NaN	34947.9766	NaN	NaN	NaN	NaN	NaN	NaN	NaN	NaN	NaN	NaN	NaN	NaN	NaN	NaN	NaN	NaN	NaN	NaN	NaN	NaN	NaN	NaN	NaN	NaN	NaN	NaN	NaN
3.6024	NaN	NaN	NaN	NaN	NaN	NaN	NaN	NaN	NaN	NaN	NaN	NaN	NaN	NaN	NaN	NaN	NaN	NaN	NaN	NaN	NaN	NaN	NaN	NaN	NaN	NaN	NaN	NaN	NaN	NaN	NaN	NaN	NaN	NaN	NaN	NaN
3.7358	NaN	NaN	NaN	NaN	NaN	NaN	NaN	NaN	NaN	NaN	NaN	NaN	NaN	NaN	NaN	NaN	NaN	NaN	NaN	NaN	NaN	NaN	NaN	NaN	NaN	NaN	NaN	NaN	NaN	NaN	NaN	NaN	NaN	NaN	NaN	NaN
3.8692	NaN	NaN	NaN	NaN	NaN	NaN	NaN	NaN	NaN	NaN	NaN	NaN	NaN	NaN	NaN	NaN	NaN	NaN	NaN	NaN	NaN	NaN	NaN	NaN	NaN	NaN	NaN	NaN	NaN	NaN	NaN	NaN	NaN	NaN	NaN	NaN
4.0027	NaN	NaN	NaN	NaN	NaN	NaN	NaN	NaN	NaN	NaN	NaN	NaN	NaN	NaN	NaN	NaN	NaN	NaN	NaN	NaN	NaN	NaN	NaN	NaN	NaN	NaN	NaN	NaN	NaN	NaN	NaN	NaN	NaN	NaN	NaN	NaN
4.1361	NaN	NaN	NaN	NaN	NaN	NaN	NaN	NaN	NaN	NaN	NaN	NaN	NaN	NaN	NaN	NaN	NaN	NaN	NaN	NaN	NaN	NaN	NaN	NaN	NaN	NaN	NaN	NaN	NaN	NaN	NaN	NaN	NaN	NaN	NaN	NaN
4.2695	NaN	NaN	NaN	NaN	NaN	NaN	NaN	NaN	NaN	NaN	NaN	NaN	NaN	NaN	NaN	NaN	NaN	NaN	NaN	NaN	NaN	NaN	NaN	NaN	NaN	NaN	NaN	NaN	NaN	NaN	NaN	NaN	NaN	NaN	NaN	NaN
4.4029	NaN	NaN	NaN	NaN	NaN	NaN	NaN	NaN	NaN	NaN	NaN	NaN	NaN	NaN	NaN	NaN	NaN	NaN	NaN	NaN	NaN	NaN	NaN	NaN	NaN	NaN	NaN	NaN	NaN	NaN	NaN	NaN	NaN	NaN	NaN	NaN
4.5363	NaN	NaN	NaN	NaN	NaN	NaN	NaN	NaN	NaN	NaN	NaN	NaN	NaN	NaN	NaN	NaN	NaN	NaN	NaN	NaN	NaN	NaN	NaN	NaN	NaN	NaN	NaN	NaN	NaN	NaN	NaN	NaN	NaN	NaN	NaN	NaN
4.6698	NaN	NaN	NaN	NaN	NaN	NaN	NaN	NaN	NaN	NaN	NaN	NaN	NaN	NaN	NaN	NaN	NaN	NaN	NaN	NaN	NaN	NaN	NaN	NaN	NaN	NaN	NaN	NaN	NaN	NaN	NaN	NaN	NaN	NaN	NaN	NaN
4.8032	NaN	NaN	NaN	NaN	NaN	NaN	NaN	NaN	NaN	NaN	NaN	NaN	NaN	NaN	NaN	NaN	NaN	NaN	NaN	NaN	NaN	NaN	NaN	NaN	NaN	NaN	NaN	NaN	NaN	NaN	NaN	NaN	NaN	NaN	NaN	NaN
4.9366	NaN	NaN	NaN	NaN	NaN	NaN	NaN	NaN	NaN	NaN	NaN	NaN	NaN	NaN	NaN	NaN	NaN	NaN	NaN	NaN	NaN	NaN	NaN	NaN	NaN	NaN	NaN	NaN	NaN	NaN	NaN	NaN	NaN	NaN	NaN	NaN
5.07	NaN	NaN	NaN	NaN	NaN	NaN	NaN	NaN	NaN	NaN	NaN	NaN	NaN	NaN	NaN	NaN	NaN	NaN	NaN	NaN	NaN	NaN	NaN	NaN	NaN	NaN	NaN	NaN	NaN	NaN	NaN	NaN	NaN	NaN	NaN	NaN
5.2035	NaN	NaN	NaN	NaN	NaN	NaN	NaN	NaN	NaN	NaN	NaN	NaN	NaN	NaN	NaN	NaN	NaN	NaN	NaN	NaN	NaN	NaN	NaN	NaN	NaN	NaN	NaN	NaN	NaN	NaN	NaN	NaN	NaN	NaN	NaN	NaN
5.3369	NaN	NaN	NaN	NaN	NaN	NaN	NaN	NaN	NaN	NaN	NaN	NaN	NaN	NaN	NaN	NaN	NaN	NaN	NaN	NaN	NaN	NaN	NaN	NaN	NaN	NaN	NaN	NaN	NaN	NaN	NaN	NaN	NaN	NaN	NaN	NaN
5.4703	NaN	NaN	NaN	NaN	NaN	NaN	NaN	NaN	NaN	NaN	NaN	NaN	NaN	NaN	NaN	NaN	NaN	NaN	NaN	NaN	NaN	NaN	NaN	NaN	NaN	NaN	NaN	NaN	NaN	NaN	NaN	NaN	NaN	NaN	NaN	NaN
5.6037	NaN	NaN	NaN	NaN	NaN	NaN	NaN	NaN	NaN	NaN	NaN	NaN	NaN	NaN	NaN	NaN	NaN	NaN	NaN	NaN	NaN	NaN	NaN	NaN	NaN	NaN	NaN	NaN	NaN	NaN	NaN	NaN	NaN	NaN	NaN	NaN
