x	Y_20181208_15693b_10_2g	Y_20181208_15693b_10_4g	Y_20181208_15693b_11_11g	Y_20181208_15693b_12_1g	Y_20181208_15693b_13_16g	Y_20181208_15693b_13_19g	Y_20181208_15693b_2_2g	Y_20181208_15693b_2_8g	Y_20181208_15693b_3_3g	Y_20181208_15693b_3_7g	Y_20181208_15693b_4_13g	Y_20181208_15693b_4_3g	Y_20181208_15693b_4_4g	Y_20181208_15693b_4_7g	Y_20181208_15693b_5_21g	Y_20181208_15693b_5_4g	Y_20181208_15693b_7_6g	Y_20181208_15693b_8_16g	Y_20181208_15693b_8_22g	Y_20181208_15693b_8_5g	Y_20181208_15693b_9_13g	Y_20181208_15693b_9_19g	Y_20181208_15693b_9_1g	Y_20181208_15693b_9_8g
0	10665.1211	10714.9824	12906.1504	10262.3164	12407.0439	13367.5713	10010.4922	12509.248	11517.002	12320.5439	11495.4414	10184.417	12051.3984	10377.5674	10208.9551	11571.4141	10446.8555	10315.877	9495.7871	11792.1807	11542.3555	14760.4346	11361.6055	9975.6279
0.1334	10577.6943	12022.9795	13303.3643	10646.2402	13519.1104	13763.9297	11060.5391	12875.5703	11882.3984	12405.7842	11860.7832	11583.3184	13279.9795	10930.542	10599.3887	12829.833	12057.6816	11017.1572	9281.3193	13115.0254	13366.2236	15750.9229	11860.9766	10370.7803
0.2668	12564.9863	15730.2119	14122.3232	11898.376	14690.8643	15002.5547	12452.334	13818.3682	12648.6924	13362.0518	14189.7139	12844.9199	14652.7549	11344.4893	11438.8086	14386.7344	12963.7939	11194.4287	9633.4277	16584.4883	14960.9912	17872.0527	12898.4648	11179.5137
0.4003	15448.7139	19281.9453	15856.5859	13700.6123	15757.6982	16404.6816	14517.6016	15473.916	14981.0938	15326.7158	18157.8145	14680.9307	15159.7549	11606.085	12507.0938	16832.2676	13631.7637	12118.9658	10649.9033	19050.2422	14103.9502	19569.4961	14129.6895	11649.0791
0.5337	17769.4336	19185	17167.1836	15462.5068	16512.2852	18982.2051	15198.8633	15933.748	16867.6426	16598.5508	22333.582	16786.2949	13558.3643	11442.6348	14450.6064	18738.7656	13948.4033	13253.8301	10962.998	18438.8887	13129.3516	18811.1035	14543.6572	13067.998
0.6671	17498.6758	16731.5234	17304.75	15653.7168	15829.752	18393.9512	13279.2676	16393.2676	16923.2227	17196.9375	20247.6172	16582.0879	12807.4131	12387.9834	14653.2949	17140.7949	13543.2529	12697.9648	12408.7266	16530.5938	13834.6816	18443.3516	13001.5078	14124.8682
0.8005	17122.5059	15170.4199	15484.1211	14646.3184	15389.6094	16965.2773	12691.8652	16168.3213	17509.8516	15204.3564	17292.457	19461.1055	11945.0586	14438.3643	14832.1582	16711.6328	14273.6875	11763.375	12835.6943	15035.0537	14281.6025	17199.6035	12276.3428	18527.4004
0.934	15582.4717	14735.7412	13338.7441	14682.5762	14273.3184	15482.4805	13047.9189	16890.6309	17877.9922	14499.2891	15481.9287	18443.877	12483.3789	15281.9258	14718.5859	15544.2314	15553.7842	11751.3057	12568.3086	13611.1357	13457.8389	17969.8691	12576.3623	19391.7656
1.0674	15488.8047	14656.6523	13777.4238	14251.707	13553.7715	15106.5322	13593.666	16577.2754	16295.2646	15953.0508	15517.2061	18624.5215	12924.4102	14592.2607	14253.0342	15453.5342	14937.5879	11506.5107	12527.292	16111.0117	13127.3076	17026.8965	12851.1396	18462.7461
1.2008	15592.9893	14928.373	13470.3574	12910.9805	13243.5732	14741.4092	13345.8926	15862.6416	15370.0273	15805.2715	14904.6299	19654.8418	12110.8613	14565.7422	13942.1572	13766.4395	13728.458	11075.8906	12457.8486	15084.0566	12826.7822	16823.666	13034.0889	17963.8633
1.3342	15847.7109	15218.8379	13610.2217	12778.1299	13558.8369	14670.6777	13247.0498	15464.5957	15658.0586	15236.9814	14367.6113	17896.9082	11941.9287	14217.2412	14668.0088	12828.5898	14186.1367	11673.3965	12740.9531	14107.3262	13374.0098	15990.8867	13781.5244	17476.293
1.4676	15112.6416	15017.7109	14597.0723	13043.1826	13266.0371	13256.3535	13118.209	15173.2471	15218.0586	15275.6035	14771.2197	18140.2402	12040.6982	13574.0889	14448.1484	12527.0645	14962.1904	11739.3486	12594.0029	13643.9121	12345.8076	14946.0557	13840.8701	15899.9014
1.6011	15152.4951	14337.1973	14640.7812	12636.1582	14034.3887	13100.2227	12986.6211	14210.9307	14781.4697	15975.7891	14586.8232	17797.6797	12376.3115	14023.3301	14208.5654	13052.8301	15403.7578	11817.1328	12677.3545	14134.2617	12216.1494	14426.3281	13165.0439	14433.3936
1.7345	13578.3076	14112.1689	14581.8125	11605.1582	13297.0166	13624.2617	12953.1748	13359.4277	13721.4678	16922.8164	13597.6543	16455.0781	11784.9502	13112.8477	14123.6982	13279.0352	15614.3096	11716.3662	12912.1133	13975.6045	12171.127	13333.2324	13095.5332	14187.165
1.8679	12247.2793	15184.5625	14677.1182	11976.5986	12632.6045	13057.1699	13722.7061	13186.3975	13192.9492	16297.9434	13652.083	15133.6934	12801.7979	11732.7031	13227.0605	12654.1426	15141.1279	11171.333	13384.1807	12482.6797	12012.0918	13081.2754	12970.9199	14530.8936
2.0013	12386.4375	14401.7734	14614.8232	11814.6162	12181.0771	12142.8242	12775.877	12745.6602	13286.0908	15279.6904	12940.8643	13604.4932	12248.999	11663.5254	12903.9893	12067.7393	14099.4209	11227.2061	13270.4922	12836.166	11644.1621	13663.6279	12656.209	14951.499
2.1347	11836.584	13380.3027	14202.9287	11743.0703	12578.5693	11744.417	12212.1191	11478.3545	12584.9209	14324.3213	12725.6797	13547.3809	12521.1211	12148.8223	12674.4775	11851.3066	15073.2012	11049.4756	12777.2656	12574.3896	11656.4297	12393.6055	13387.0479	14672.7256
2.2682	12045.458	12585.9561	12883.21	12029.959	13307.8154	12245.4307	11665.6885	10735.6865	12519.4014	13847.0811	12487.0361	12938.8682	11988.3594	12567.707	12571.127	11593.5791	15242.5684	11280.9102	11646.7227	12027.2051	11763.0918	11762.4463	12924.9873	14287.9268
2.4016	11966.6875	11587.499	12861.3867	12154.0762	13332.458	12375.0469	11892.2627	10805.8271	11951.6006	13212.8359	13271.6465	12803.4521	12104.1035	12646.416	12106.5068	11296.0068	15426.4941	10804.4863	12049.083	12203.7168	12232.5195	11570.8477	14192.8018	13700.2031
2.535	12440.1924	12187.7715	12573.4258	12131.0527	13363.3281	NaN	12114.1699	10915.1465	12009.1104	12770.2061	12252.4932	12071.4434	12367.8496	12463.25	12332.6748	11658.1523	14801.2461	11644.9727	11310.2686	NaN	NaN	NaN	NaN	12963.0781
2.6684	12934.2266	12176.2285	12323.8525	NaN	12214.3037	NaN	11454.5918	10163.9717	12241.5596	12214.1553	NaN	12792.4258	12130.0254	12605.7764	11717.2783	NaN	13201.9453	11618.7178	11149.1035	NaN	NaN	NaN	NaN	11557.3145
2.8019	NaN	NaN	NaN	NaN	11374.2959	NaN	NaN	9729.9463	12448.8945	12171.9219	NaN	12864.2227	NaN	12352.752	12001.6621	NaN	13115.1807	11160.8311	11238.0117	NaN	NaN	NaN	NaN	NaN
2.9353	NaN	NaN	NaN	NaN	10650.5977	NaN	NaN	NaN	NaN	11864.4561	NaN	12769.9775	NaN	12218.1602	NaN	NaN	12730.4395	NaN	10671.8096	NaN	NaN	NaN	NaN	NaN
3.0687	NaN	NaN	NaN	NaN	NaN	NaN	NaN	NaN	NaN	NaN	NaN	NaN	NaN	12425.9053	NaN	NaN	13441.4238	NaN	10829.9561	NaN	NaN	NaN	NaN	NaN
3.2021	NaN	NaN	NaN	NaN	NaN	NaN	NaN	NaN	NaN	NaN	NaN	NaN	NaN	NaN	NaN	NaN	12305.1484	NaN	10797.5205	NaN	NaN	NaN	NaN	NaN
3.3355	NaN	NaN	NaN	NaN	NaN	NaN	NaN	NaN	NaN	NaN	NaN	NaN	NaN	NaN	NaN	NaN	12096.3525	NaN	NaN	NaN	NaN	NaN	NaN	NaN
3.469	NaN	NaN	NaN	NaN	NaN	NaN	NaN	NaN	NaN	NaN	NaN	NaN	NaN	NaN	NaN	NaN	NaN	NaN	NaN	NaN	NaN	NaN	NaN	NaN
3.6024	NaN	NaN	NaN	NaN	NaN	NaN	NaN	NaN	NaN	NaN	NaN	NaN	NaN	NaN	NaN	NaN	NaN	NaN	NaN	NaN	NaN	NaN	NaN	NaN
3.7358	NaN	NaN	NaN	NaN	NaN	NaN	NaN	NaN	NaN	NaN	NaN	NaN	NaN	NaN	NaN	NaN	NaN	NaN	NaN	NaN	NaN	NaN	NaN	NaN
3.8692	NaN	NaN	NaN	NaN	NaN	NaN	NaN	NaN	NaN	NaN	NaN	NaN	NaN	NaN	NaN	NaN	NaN	NaN	NaN	NaN	NaN	NaN	NaN	NaN
4.0027	NaN	NaN	NaN	NaN	NaN	NaN	NaN	NaN	NaN	NaN	NaN	NaN	NaN	NaN	NaN	NaN	NaN	NaN	NaN	NaN	NaN	NaN	NaN	NaN
4.1361	NaN	NaN	NaN	NaN	NaN	NaN	NaN	NaN	NaN	NaN	NaN	NaN	NaN	NaN	NaN	NaN	NaN	NaN	NaN	NaN	NaN	NaN	NaN	NaN
4.2695	NaN	NaN	NaN	NaN	NaN	NaN	NaN	NaN	NaN	NaN	NaN	NaN	NaN	NaN	NaN	NaN	NaN	NaN	NaN	NaN	NaN	NaN	NaN	NaN
4.4029	NaN	NaN	NaN	NaN	NaN	NaN	NaN	NaN	NaN	NaN	NaN	NaN	NaN	NaN	NaN	NaN	NaN	NaN	NaN	NaN	NaN	NaN	NaN	NaN
4.5363	NaN	NaN	NaN	NaN	NaN	NaN	NaN	NaN	NaN	NaN	NaN	NaN	NaN	NaN	NaN	NaN	NaN	NaN	NaN	NaN	NaN	NaN	NaN	NaN
4.6698	NaN	NaN	NaN	NaN	NaN	NaN	NaN	NaN	NaN	NaN	NaN	NaN	NaN	NaN	NaN	NaN	NaN	NaN	NaN	NaN	NaN	NaN	NaN	NaN
4.8032	NaN	NaN	NaN	NaN	NaN	NaN	NaN	NaN	NaN	NaN	NaN	NaN	NaN	NaN	NaN	NaN	NaN	NaN	NaN	NaN	NaN	NaN	NaN	NaN
4.9366	NaN	NaN	NaN	NaN	NaN	NaN	NaN	NaN	NaN	NaN	NaN	NaN	NaN	NaN	NaN	NaN	NaN	NaN	NaN	NaN	NaN	NaN	NaN	NaN
5.07	NaN	NaN	NaN	NaN	NaN	NaN	NaN	NaN	NaN	NaN	NaN	NaN	NaN	NaN	NaN	NaN	NaN	NaN	NaN	NaN	NaN	NaN	NaN	NaN
5.2035	NaN	NaN	NaN	NaN	NaN	NaN	NaN	NaN	NaN	NaN	NaN	NaN	NaN	NaN	NaN	NaN	NaN	NaN	NaN	NaN	NaN	NaN	NaN	NaN
