x	Y_20181208_15693b_1_10g	Y_20181208_15693b_1_13g	Y_20181208_15693b_1_2g	Y_20181208_15693b_1_6g	Y_20181208_15693b_10_10g	Y_20181208_15693b_10_11g	Y_20181208_15693b_10_13g	Y_20181208_15693b_10_14g	Y_20181208_15693b_10_6g	Y_20181208_15693b_11_10g	Y_20181208_15693b_11_15g	Y_20181208_15693b_12_12g	Y_20181208_15693b_13_7g	Y_20181208_15693b_2_14g	Y_20181208_15693b_2_4g	Y_20181208_15693b_2_5g	Y_20181208_15693b_2_6g	Y_20181208_15693b_3_10g	Y_20181208_15693b_3_11g	Y_20181208_15693b_3_14g	Y_20181208_15693b_3_16g	Y_20181208_15693b_3_3g	Y_20181208_15693b_4_10g	Y_20181208_15693b_4_16g	Y_20181208_15693b_4_4g	Y_20181208_15693b_4_6g	Y_20181208_15693b_5_10g	Y_20181208_15693b_5_13g	Y_20181208_15693b_5_21g	Y_20181208_15693b_5_22g	Y_20181208_15693b_5_2g	Y_20181208_15693b_6_3g	Y_20181208_15693b_6_8g	Y_20181208_15693b_7_15g	Y_20181208_15693b_8_12g	Y_20181208_15693b_8_18g	Y_20181208_15693b_8_19g	Y_20181208_15693b_8_1g	Y_20181208_15693b_8_20g	Y_20181208_15693b_8_30g	Y_20181208_15693b_8_5g	Y_20181208_15693b_9_12g	Y_20181208_15693b_9_13g	Y_20181208_15693b_9_14g	Y_20181208_15693b_9_4g
0	13795.2949	13889.5361	14738.4697	13721.5967	11684.3135	12143.6514	11233.3643	12132.3076	11206.2148	11557.1777	11127.1387	12045.0342	11724.4014	12417.8574	12572.457	15358.9717	12314.6367	10809.499	12218.9756	11764.7861	11178.5977	10635.5234	11744.96	11070.1387	11752.5	11448.084	12153.9609	14888.6924	13214.6582	13115.4277	11852.5791	12142.168	11789.1104	11147.5098	13207.4277	10654.1875	12934.1738	11586.2637	11118.0947	11019.5557	10439.5488	11658.7314	11240.0342	11536.5098	11445.5273
0.1334	18128.4961	14738.7832	13916.1328	13637.8291	12483.2881	12143.958	10888.6094	14012.8643	11502.9102	13205.8252	11660.0068	12622.0439	11368.5498	12516.8848	13713.7627	16196.1621	14275.166	11018.6514	13766.4688	11331.3311	11145.7969	11112.2725	12212.793	12450.5967	12024.2852	11392.9531	14613.1953	15329.7725	13560.6768	14509.9863	11650.3262	13636.666	11552.4229	13086.7031	13920.2402	11327.3477	15424.1611	11787.5215	12135.7695	11755.4277	12347.3584	12176.5713	11724.9639	12356.8984	11336.5811
0.2668	21743.5137	17773.4785	13768.375	15567.6816	15964.9766	12848.085	11740.1758	15722.0283	11800.2461	15105.5566	12077.3105	14231.7178	11426.1992	12752.6758	15952.9863	15680	14805.959	11951.8799	17843.3066	11267.4551	12079.1387	12798.292	12043.0488	13416.3516	13616.1982	12365.5684	16267.9697	15007.0273	14263.3613	19372.6406	11743.3389	15514.6338	12770.2109	15615.8535	15961.5674	11863.3389	18733.1641	13298.1924	12197.5547	14469.5342	15793.5869	12372.8096	12024.1465	12299.623	11593.9053
0.4003	24475.1172	20689.1602	13414.7129	18493.0371	18314.873	13816.7129	12927.2021	19356.209	13726.209	17619.4766	12499.9697	14219.543	12778.3926	14826.4609	18670.8223	16432.793	11909.377	14095.9521	22143.5293	12164.2021	13038.9189	14847.5645	12451.8857	14707.127	14794.6094	14871.0635	16465.0176	15625.3467	16450.8926	23723.8066	12855.3291	15892.6787	14037.5557	17468.5078	16771.2637	12369.8711	21271.1699	14638.0361	13488.7529	16404.084	17798.7656	13750.7949	14790.9404	12439.3965	13033.6602
0.5337	21075.5918	21287.4434	15172.0459	21566.2188	17895.084	14914.6533	12617.6514	22522.8379	16799.127	17050	13967.4727	13224.9316	15084.9336	17025.7363	18101.8398	16459.375	11229.2529	16762.6133	21849.877	13830.0566	14325.6172	16132.7422	14857.5537	14127.9375	15089.334	17040.416	15330.6797	19542.9766	17480.2168	20430.9766	14869.4092	16754.5273	14987.8438	17747.1191	15165.6699	13601.5596	19690.3555	15508.7158	14119.4473	15002.6729	17677.3945	16605.2559	16730.9297	14105.8408	14695.8291
0.6671	18055.2383	18222.9414	18125.8691	22469.7012	15915.7285	14042.1436	11837.2129	21892.8633	17677.2402	15060.6816	13696.334	12746.6104	18337.4844	16697.5352	16146.5	15373.9189	11310.0176	18693.8984	19546.4238	15088.4795	14365.9121	14678.7451	17442.4395	13146.3896	13582.7168	15440.2041	14261.5527	22717.4473	15508.1592	16386.5059	17222.6523	16549.998	14908.833	16246.0537	12934.4756	13363.7764	16547.7246	14302.9463	13745.9424	13208.5137	16103	20636.7676	18012.877	16688.6367	13621.0879
0.8005	17415.1934	17522.7656	21460.7559	20599.0234	14737.166	13931.4482	12038.7432	18139.8398	14510.21	13409.2168	12320.3047	12662.5508	18147.6406	16767.0078	15541.8496	15530.3564	10846.1084	19270.9648	16756.4609	14543.3379	14170.4033	13197.3467	20238.2715	12682.0078	12810.6885	13673.7871	13564.9043	23251.1172	14305.7148	14859.5332	15579.7422	14301.4365	13982.2568	15699.0068	12591.3848	12487.7236	13299.3955	15402.7236	13715.291	12092.1162	15149.4668	25228.0273	16965.2598	17268.3184	13026.4951
0.934	17959.959	16754.4453	20986.4844	18499.4375	15830.5674	12806.7637	11676.4033	16179.6377	13426.6055	13397.0703	11388.5381	12666.4102	17240.1797	17052.0059	14478.9141	15608.4668	10861.6855	16617.4844	15882.9365	13746.1279	14316.0508	12063.0801	19807.5254	11734.8809	11784.2812	13176.9121	14374.0645	20264	13337.5898	13589.8682	15172.2539	13194.6895	13160.4082	16039.3232	12942.2656	11094.3887	13476.0811	16124.7783	12975.5576	11701.335	13722.002	25830.3359	15273.376	16122.7314	13092.0166
1.0674	20141.1172	16011.25	19767.0312	15164.042	16731.3496	13412.5508	12173.0742	15396.4541	12878.1475	12787.9873	11117.5498	12555.1592	15327.4473	16853.7539	13242.9463	14942.6572	11837.874	13296.8105	15396.9707	12758.8652	13492.9434	12123.3818	16977.8574	12340.4629	12544.9141	12754.0156	14213.7314	16566.7871	12520.876	13969.9551	13576.2188	13406.3223	12683.5635	16518.6387	12426.3291	10624.4219	13680.0117	16086.041	13088.7158	11234.5684	13455.332	21699.8125	14787.8584	15755.126	13550.8105
1.2008	20616.6719	14019.3564	19723.1406	15300.9639	16693.877	13494.5752	12557.5127	14041.9551	12629.9766	12328.5088	10981.916	13200.2217	14088.9346	15944.7725	13166.3467	14712.0664	11650.3555	12289.3584	14747.3311	12292.0811	12827.9922	12172.085	16061.2842	12365.3574	12849.5117	13499.9463	14373.8975	15679.6934	12297.877	13575.5605	13469.9707	13556.8545	11617.0947	15817.6611	12265.6777	11168.9209	12715.0254	14751.2227	12315.8994	11461.9756	13799.2812	19207.5566	15980.8467	15252.5723	13869.4004
1.3342	20422.0469	13465.5391	18836.2539	16765.7676	15268.0762	13096.4307	13903.0947	12860.0605	12070.7002	12807.6826	10649.9834	12854.0273	13364.0713	16993.7246	13339.3242	15118.208	11193.7373	11797.3018	14871.4336	11505.1416	13007.5918	12556.7295	16139.9746	12879.9492	11928.8975	13877.0078	14297.2461	14767.8164	12575.1436	13737.3281	14389.3643	12783.4678	11418.7344	15208.0479	13088.5146	11510.4893	12163.1172	13513.7188	12147.8994	11420.8242	14173.8223	16658.8398	16301.0664	13083.332	15257.2988
1.4676	17817.5039	12558.2891	16467.5332	16481.1465	14417.7256	13677.2061	14342.7246	13167.3701	12665.2842	13497.4219	10924.6172	13020.5527	13677.9355	17493.9023	14562.3711	14403.8545	11447.7471	12742.8398	15422.6855	11888.4805	12656.8213	13627.7344	16670.4258	13640.7383	11796.9307	15565.499	13034.2842	14601.6924	14421.623	13464.0283	13504.5586	13645.3057	12029.5596	15000.543	12091.1484	11718.6523	11737.2842	12430.6182	12374.5459	11613.1709	13746.0332	14676.6846	16110.873	13243.2207	15720.2969
1.6011	16677.5508	12541.2979	15512.9834	16039.5078	13966.8076	12898.499	13678.1514	13313.7295	12128.0508	13158.3711	11295.1875	12643.1846	12864.5518	17079.5254	13498.3906	13036.6133	10339.1055	13133.4209	14721.8867	11381.8613	12906.4365	14885.9473	16806.3184	15044.874	12003.1182	15849.3789	12142.8535	13384.8174	17129.1504	13170.0146	13262.9609	14925.0264	12770.9229	14232.4326	12435.4609	11691.5469	11509.0654	11636.6719	12774.7363	11401.3223	13227.957	14033.249	15867.3281	12869.6416	13986.9404
1.7345	15474.5361	12394.7422	15138.7119	14807.3496	13048.0713	12644.3604	13789.3486	13282.5752	12184.0273	12902.8867	12098.7861	12787.3096	11309.6768	17195.5312	13893.1221	11958.1396	10664.4297	12824.626	13540.0264	10769.8281	13373.1875	14104.4922	16964.8867	16044.373	12285.6592	15545.1455	11357.2598	13282.5762	17437.4277	12650.8115	12410.9316	13812.1455	12659.4502	12966.5449	12637.4814	11228.9463	11083.3838	11486.9814	13357.9414	11430.1748	12831.3496	12819.1514	15143.7051	12831.7139	13465.5781
1.8679	15260.9541	12668.4316	13591.4736	13955.1006	12620.6934	12183.3213	13041.3467	12867.9092	12545.7441	12632.2822	12402.6846	12722.416	10429.0703	15842.9648	13051.4824	11709.0176	11088.4961	12902.1162	12660.1445	10713.208	13872.6045	13840.1348	16607.7422	16668.5859	11783.7666	15323.8506	11356.0088	13377.2705	15849.7158	12221.2012	12379.2275	13143.7725	12065.8027	12578.501	12922.7783	10971.0869	10913.1328	11420.0781	12611.7363	11453.2168	12641.5439	12727.3926	13502.2881	12768.0215	12778.8076
2.0013	14303.7207	12998.0811	14150.7744	13576.127	13187.3506	12241.1641	12243.125	12788.9736	12726.0596	12245.6455	12184.7998	11747.71	10230.7627	14904.6006	11722.7412	12246.5645	10942.2139	12370.5703	11907.3613	10912.9854	12735.624	13226.21	16403.793	14622.417	12823.2969	14107.4082	11165.2432	13150.5166	13373.8936	11667.7539	11941.7686	13319.124	11670.8203	11769.5449	12517.1074	11015.8975	11211.8613	11478.6123	12334.001	11099.959	12479.5215	13514.2266	12865.1592	12364.4902	11627.8398
2.1347	14075.9834	12186.5703	13918.3096	13281.4766	12603.9014	12013.8418	11950.3984	12513.3652	12027.3574	11833.96	11861.3389	12009.6797	11149.4824	14124.5244	11861.085	NaN	11208.4385	11869.2842	12080.835	11082.3281	12869.9658	12301.1836	15650.1221	12769.6025	12079.1797	13435.1367	11140.3115	13666.3955	12779.1543	11952.0723	11883.4453	13672.2764	12027.2871	11196.373	12664.8457	10982.1836	11305.9561	11496.875	12524.5459	10534.498	13109.9258	13627.3174	12163.585	12206.2764	10828.3662
2.2682	13342.335	12573.7803	13099.1455	13331.6367	11569.6133	12895.9434	12733.2197	11919.7412	11999.5439	12218.5176	11788.4941	11885.9082	10935.748	13075.3271	11460.6836	NaN	10879.7373	11639.2207	12692.8652	10230.6895	12829.2549	12361.1387	14486.2158	11666.3359	12240.1982	11651.5674	10899.4277	13179.1494	12238.4834	11557.2256	11680.8672	12530.9121	12465.2617	11374.3164	12907.6582	10822.2383	11139.2305	11001.5791	12357.9883	10253.6963	11969.0693	13697.5205	12066.1504	12403.0596	10702.3242
2.4016	13207.3203	12301.9443	13557.5166	12735.8574	11258.9531	11990.2998	12680.6494	NaN	11509.0908	12152.2451	11857.7617	11873.417	10743.415	12612.3281	11657.4795	NaN	10296.2793	11630.75	11439.4014	10476.1836	13131.7334	12278.6094	13855.4346	11501.0645	11777.4434	11145.4854	10910.2178	NaN	11959.0859	11930.0889	11578.623	12599.8271	12021.749	11078.9336	13631.957	10707.0732	11661.9971	10364.0225	11925.7686	10659.5049	12310.1416	13684.2178	12229.5391	12432.877	10642.1455
2.535	11817.7705	12235.1465	12663.7744	12485.8613	10847.79	11369.9902	12590.7764	NaN	NaN	12181.1475	12201.2188	11442.2402	11482.9092	12116.8271	12062.4043	NaN	10724.5586	11484.9199	11023.9414	11040.3789	13174.7734	12161.6367	12637.2754	11376.0566	11988.2002	11877.3662	12001.5977	NaN	12018.6445	12041.5986	11159.501	12760.1387	12377.4717	10984.9678	12879.7188	10759.7422	12215.5332	10495.0977	11910.3291	10692.4902	11764.9707	12886.1621	11125.6172	12480.3428	10713.2363
2.6684	12160.5986	13075.665	12885.1357	12466.0439	10853.4229	11384.752	12906.6602	NaN	NaN	11529.874	11188.5352	NaN	10978.623	12084.5293	11758.8125	NaN	NaN	11282.9277	11176.7559	NaN	12974.7021	NaN	12216.4707	11548.5596	12056.1387	NaN	11560.1855	NaN	12273.1279	12030.0029	10801.4795	NaN	NaN	11037.168	13243.2891	10854.2695	11661.4121	10930.1504	NaN	10208.3447	11917.6523	13145.1963	10547.6758	13105.4932	10442.8359
2.8019	12481.167	13420.5996	11824.8311	11988.9814	11223.1699	11527.2803	NaN	NaN	NaN	11851.5566	11792.2344	NaN	11478.2871	11596.1279	11468.418	NaN	NaN	11728.5059	NaN	NaN	NaN	NaN	12775.2627	11718.8193	11779.3975	NaN	11567.9893	NaN	12029.2842	NaN	10844.04	NaN	NaN	10681.6787	NaN	11278.7539	11444.3594	11775.084	NaN	NaN	12663.1328	11752.6514	10935.7734	13404.1465	10395.0322
2.9353	NaN	NaN	12140.3086	11908.4531	NaN	NaN	NaN	NaN	NaN	12214.8359	NaN	NaN	11908.0137	12366.8857	NaN	NaN	NaN	11067.6777	NaN	NaN	NaN	NaN	12664.4365	NaN	NaN	NaN	11531.2402	NaN	11877.5088	NaN	NaN	NaN	NaN	NaN	NaN	11344.04	NaN	11525.125	NaN	NaN	NaN	11580.7393	NaN	14006.9707	NaN
3.0687	NaN	NaN	11969.8428	NaN	NaN	NaN	NaN	NaN	NaN	12696.3008	NaN	NaN	11507.8984	13011.8545	NaN	NaN	NaN	11018.1455	NaN	NaN	NaN	NaN	NaN	NaN	NaN	NaN	NaN	NaN	11848.8115	NaN	NaN	NaN	NaN	NaN	NaN	11275.9971	NaN	NaN	NaN	NaN	NaN	11900.1113	NaN	14011.2119	NaN
3.2021	NaN	NaN	11789.1436	NaN	NaN	NaN	NaN	NaN	NaN	NaN	NaN	NaN	12580.0273	13491.7676	NaN	NaN	NaN	NaN	NaN	NaN	NaN	NaN	NaN	NaN	NaN	NaN	NaN	NaN	NaN	NaN	NaN	NaN	NaN	NaN	NaN	NaN	NaN	NaN	NaN	NaN	NaN	NaN	NaN	NaN	NaN
3.3355	NaN	NaN	11444.96	NaN	NaN	NaN	NaN	NaN	NaN	NaN	NaN	NaN	NaN	NaN	NaN	NaN	NaN	NaN	NaN	NaN	NaN	NaN	NaN	NaN	NaN	NaN	NaN	NaN	NaN	NaN	NaN	NaN	NaN	NaN	NaN	NaN	NaN	NaN	NaN	NaN	NaN	NaN	NaN	NaN	NaN
3.469	NaN	NaN	NaN	NaN	NaN	NaN	NaN	NaN	NaN	NaN	NaN	NaN	NaN	NaN	NaN	NaN	NaN	NaN	NaN	NaN	NaN	NaN	NaN	NaN	NaN	NaN	NaN	NaN	NaN	NaN	NaN	NaN	NaN	NaN	NaN	NaN	NaN	NaN	NaN	NaN	NaN	NaN	NaN	NaN	NaN
3.6024	NaN	NaN	NaN	NaN	NaN	NaN	NaN	NaN	NaN	NaN	NaN	NaN	NaN	NaN	NaN	NaN	NaN	NaN	NaN	NaN	NaN	NaN	NaN	NaN	NaN	NaN	NaN	NaN	NaN	NaN	NaN	NaN	NaN	NaN	NaN	NaN	NaN	NaN	NaN	NaN	NaN	NaN	NaN	NaN	NaN
3.7358	NaN	NaN	NaN	NaN	NaN	NaN	NaN	NaN	NaN	NaN	NaN	NaN	NaN	NaN	NaN	NaN	NaN	NaN	NaN	NaN	NaN	NaN	NaN	NaN	NaN	NaN	NaN	NaN	NaN	NaN	NaN	NaN	NaN	NaN	NaN	NaN	NaN	NaN	NaN	NaN	NaN	NaN	NaN	NaN	NaN
3.8692	NaN	NaN	NaN	NaN	NaN	NaN	NaN	NaN	NaN	NaN	NaN	NaN	NaN	NaN	NaN	NaN	NaN	NaN	NaN	NaN	NaN	NaN	NaN	NaN	NaN	NaN	NaN	NaN	NaN	NaN	NaN	NaN	NaN	NaN	NaN	NaN	NaN	NaN	NaN	NaN	NaN	NaN	NaN	NaN	NaN
4.0027	NaN	NaN	NaN	NaN	NaN	NaN	NaN	NaN	NaN	NaN	NaN	NaN	NaN	NaN	NaN	NaN	NaN	NaN	NaN	NaN	NaN	NaN	NaN	NaN	NaN	NaN	NaN	NaN	NaN	NaN	NaN	NaN	NaN	NaN	NaN	NaN	NaN	NaN	NaN	NaN	NaN	NaN	NaN	NaN	NaN
4.1361	NaN	NaN	NaN	NaN	NaN	NaN	NaN	NaN	NaN	NaN	NaN	NaN	NaN	NaN	NaN	NaN	NaN	NaN	NaN	NaN	NaN	NaN	NaN	NaN	NaN	NaN	NaN	NaN	NaN	NaN	NaN	NaN	NaN	NaN	NaN	NaN	NaN	NaN	NaN	NaN	NaN	NaN	NaN	NaN	NaN
4.2695	NaN	NaN	NaN	NaN	NaN	NaN	NaN	NaN	NaN	NaN	NaN	NaN	NaN	NaN	NaN	NaN	NaN	NaN	NaN	NaN	NaN	NaN	NaN	NaN	NaN	NaN	NaN	NaN	NaN	NaN	NaN	NaN	NaN	NaN	NaN	NaN	NaN	NaN	NaN	NaN	NaN	NaN	NaN	NaN	NaN
4.4029	NaN	NaN	NaN	NaN	NaN	NaN	NaN	NaN	NaN	NaN	NaN	NaN	NaN	NaN	NaN	NaN	NaN	NaN	NaN	NaN	NaN	NaN	NaN	NaN	NaN	NaN	NaN	NaN	NaN	NaN	NaN	NaN	NaN	NaN	NaN	NaN	NaN	NaN	NaN	NaN	NaN	NaN	NaN	NaN	NaN
4.5363	NaN	NaN	NaN	NaN	NaN	NaN	NaN	NaN	NaN	NaN	NaN	NaN	NaN	NaN	NaN	NaN	NaN	NaN	NaN	NaN	NaN	NaN	NaN	NaN	NaN	NaN	NaN	NaN	NaN	NaN	NaN	NaN	NaN	NaN	NaN	NaN	NaN	NaN	NaN	NaN	NaN	NaN	NaN	NaN	NaN
4.6698	NaN	NaN	NaN	NaN	NaN	NaN	NaN	NaN	NaN	NaN	NaN	NaN	NaN	NaN	NaN	NaN	NaN	NaN	NaN	NaN	NaN	NaN	NaN	NaN	NaN	NaN	NaN	NaN	NaN	NaN	NaN	NaN	NaN	NaN	NaN	NaN	NaN	NaN	NaN	NaN	NaN	NaN	NaN	NaN	NaN
4.8032	NaN	NaN	NaN	NaN	NaN	NaN	NaN	NaN	NaN	NaN	NaN	NaN	NaN	NaN	NaN	NaN	NaN	NaN	NaN	NaN	NaN	NaN	NaN	NaN	NaN	NaN	NaN	NaN	NaN	NaN	NaN	NaN	NaN	NaN	NaN	NaN	NaN	NaN	NaN	NaN	NaN	NaN	NaN	NaN	NaN
4.9366	NaN	NaN	NaN	NaN	NaN	NaN	NaN	NaN	NaN	NaN	NaN	NaN	NaN	NaN	NaN	NaN	NaN	NaN	NaN	NaN	NaN	NaN	NaN	NaN	NaN	NaN	NaN	NaN	NaN	NaN	NaN	NaN	NaN	NaN	NaN	NaN	NaN	NaN	NaN	NaN	NaN	NaN	NaN	NaN	NaN
