x	Y_20181208_15692_31_14g	Y_20181208_15692_32_3g	Y_20181208_15692_36_9g	Y_20181208_15692_38_11g	Y_20181208_15692_38_12g	Y_20181208_15692_39_14g	Y_20181208_15692_39_1g	Y_20181208_15692_39_7g	Y_20181208_15692_40_18g	Y_20181208_15692_40_8g	Y_20181208_15692_41_12g	Y_20181208_15692_41_1g	Y_20181208_15692_41_5g	Y_20181208_15692_42_17g	Y_20181208_15692_43_12g	Y_20181208_15692_43_7g	Y_20181208_15692_44_11g	Y_20181208_15692_44_3g	Y_20181208_15692_44_5g	Y_20181208_15692_45_16g	Y_20181208_15692_46_13g	Y_20181208_15692_46_17g	Y_20181208_15692_46_6g	Y_20181208_15692_7_7g	Y_20181208_15692_8_2g	Y_20181208_15692_8_4g
0	28924.7285	24848.0762	28237.4316	27266.3047	30006.8516	30218.7305	30870.0488	31503.9004	29034.7734	28297.7422	25680.0586	27794.9668	29111.5488	26459.3672	28903.2832	29129.2305	29510.6855	28462.4668	23725.2402	30366.3066	27688.8594	31021.1172	25368.5137	29997.1426	28015.2324	25992.3711
0.1334	28527.3789	24880.5508	26325.9473	29451.4941	28448.7246	31188.8008	30586.5645	32547.123	29594.2852	29903.5	24594.5098	26744.7656	28778.1699	25027.6875	27190.4062	29249.6465	30857.1406	29334.5605	24215.2324	28581.2344	27107.2793	31431.8516	24466.3145	29274.6172	28398.3145	26945.6973
0.2668	29032.916	25478.8555	28005.2812	28597.1543	28138.9785	30599.0391	30124.6543	31945.5918	30305.1191	28928.0137	25135.0801	25879.8887	28584.2422	24142.1797	28231.4824	28627.7891	29351.2852	28678.0234	24599.5	27987.373	28199.3047	30470.2109	24287.1094	29041.5586	27616.3203	26349.6914
0.4003	28562.002	26404.6406	27863.4395	27946.8613	28620.5117	30764.2598	30817.75	31633.6953	29201.6523	29782.2539	24354.5469	26318.8184	29657.0469	24293.9629	28787.3203	28671.748	28331.7129	29399.1465	25552.7461	27043.293	28800.0645	30870.7734	24980.6016	28940.0547	28191.9453	26796.3438
0.5337	30967.9668	25517.2988	28118.9883	27432.1582	29009.4531	33212.7461	29916.2637	33583.4297	31116.8906	31325.8301	25081.8262	26898.2578	30774.6426	24430.4062	30149.3574	27997.6816	29107.6309	27895.1816	25828.2344	26799.5488	28921.7012	30813.8984	25574.1855	29614.4785	30474.0645	26053.2891
0.6671	29752.0117	25849.6621	28269.7246	28467.8555	28532.334	32319.1289	30032.2773	32065.3711	29066.8008	29550.5723	25224.5586	28867.8359	31108.6191	25296.7871	30175.5547	29889.2949	30620.1074	29588.0293	25541.3164	28527.5684	28830.1309	32290.1172	25012.7852	30287.5664	28373.3887	26857.4805
0.8005	29011.375	25501.2246	27678.2773	29356.6836	29318.0449	31314.4199	30392.0312	31092.4316	31537.1855	29174.9883	25777.8125	28210.6016	30423.0488	25256.6836	30223.1582	30039.1035	29611.2617	27694.9824	25969.1816	28661.4043	29332.4277	30437.4473	25992.1797	29535.1113	28599.1484	25589.3105
0.934	28425.3906	25922.0977	28704.5527	28334.9492	29543.2734	32654.7363	29568.5879	31391.9141	29079.5078	29701.0586	27034.3906	27594.2559	30130.5742	25426.5508	31252.4023	28255.002	30548.7031	27697.3027	26007.4375	27608.5566	28790.3145	29612.4863	25283.1641	30175.0859	27533.1934	26637.3203
1.0674	29236.6328	25457.6406	29703.209	28648.5332	30819.3418	33184.082	28475.7988	30642.4785	31665.6387	30555.2363	27524.7441	29179.1074	29118.252	25952.3574	29626.1309	28436.4805	29670.0332	29045.457	26546.7188	28566.3223	27475.6836	30067.8926	26114.25	28975.7188	28029.1543	24241.4141
1.2008	28285.7559	24999.5938	29203.5195	28161.207	30675.9844	32253.6621	29325.9707	30325.2988	30791.2012	30187.4961	28042.5527	28157.625	30276.7734	27075.8535	30616.5254	28433.457	31587.4766	26464.0137	25789.3711	27919.1152	26797.6699	30790.8867	26117.2402	30258.75	28898.9902	25182.5996
1.3342	28211.9316	25315.7051	29954.0938	27717.7891	29151.793	30913.7715	30389.293	28957.0547	31389.9727	30600.6953	27473.8965	27449.2285	30519.5898	26536.7266	31332.5	29084.2031	30202.4629	26687.3262	26962.4395	28729.1191	26425.9785	30053.457	25172.3105	29857.3242	29716.6445	25921.0078
1.4676	27853.4375	24964.0605	30036.5645	28763.3418	29511.8652	31001.666	29487.2695	29925.1074	31293.1387	29147.0234	26720.5332	25907.1934	31172.1895	25171.9434	31318.9473	29359.0332	29935.2754	28607.2559	26468.2871	28953.9727	28521.0039	30499.4883	26232.2676	30675.2773	30390.6855	26605.0488
1.6011	28270.4043	24597.3145	30267.418	28472.5879	29966.1777	31605.6562	31195.373	30427.0488	29186.6719	28956.5059	27127.9688	27499.8809	30284.0645	26741.5723	32814.2227	28810.2773	30499.1523	26780.9277	27604.3184	27953.7754	27971.3574	31076.2695	25465.0898	31874.8281	29841.8164	26487.416
1.7345	27045.9277	25028.4102	29277.5137	27972.4883	29907.2031	30074.252	31319.7891	30200.8145	30283.4766	27171.2383	25950.752	27184.5508	29771.5938	26587.4297	32409.1602	27995.7188	29437.1973	27704.2793	26903.5859	29326.6055	27486.9043	32404.2129	25459.2637	33615.0703	29453.4102	24983.1074
1.8679	28628.8047	24661.8438	29338.2422	29717.248	29071.2676	31331.7246	29646.2051	29181.1133	31012.5938	28462.9453	28046.3535	27187.5488	29876.0137	26787.5371	29879.6543	27286.873	30220.9609	28325.5723	26272.1953	29366.3965	27378.3926	32989.2617	25308.4883	31673.8633	29556.4219	24554.4551
2.0013	29237.5156	24600.9551	30630.6445	28033.4766	30911.0117	30851.2188	30162.291	28368.3809	29877.8379	28877.8379	28539.0234	27981.7559	29662.2441	26780.1543	30782.5312	28738.4375	30708.1113	28942.9141	27464.1914	28575.0586	26109.0645	33871.8828	25850.334	30984.584	30183.0078	26111.4043
2.1347	28349.9199	24926.248	30030.293	29145.5586	29943.7305	30880.4883	30196.5586	30005.5918	31422.6484	29210.6836	26685.1582	28308.9141	30356.9766	26748.9141	31194.6152	28692.9473	29838.0059	30738.1309	27567.2949	29003.5312	26871.2871	34027.2383	25055.0488	31435.0957	29735.6543	26660.4316
2.2682	29406.293	25105.6562	30283.1484	28876.9805	31340.1816	30281.7695	31879.8809	31747.5	31300.7559	29702.918	27098.7168	28787.3145	30299.8672	27585.4785	30514.1973	29103.5742	31668.3008	32721.9746	26822.1367	30770.0137	28112.377	38472.0391	26511.127	32478.6094	30244.7246	25787.5059
2.4016	30642.1738	25555.7148	31243.4727	30738.8047	31604.7227	31325.1289	32256.7246	33733.6328	30773.5254	30506.4805	27400.6914	30756.0938	30976.1406	26850.8223	31061.4688	28986.0137	33794.2305	37896.0195	27376.5684	31609.1191	28994.8633	45716.4297	27220.7441	33142.8711	31835.4668	25787.7715
2.535	33112.4766	25962.5527	32416.9785	31164.8867	31014.0156	33956.9688	32871.9766	39798.0391	30600.6543	33334.5312	26484.0039	33199.8398	32342.2891	28327.1582	32241.7598	29508.1211	38743.75	48105.2266	28122.3906	37896.8906	28648.8809	60095.957	28500.0977	38097.7227	33991.6484	25695.6934
2.6684	39138.9414	25289.6836	40288.5547	33912.5	32406.4883	42196.0234	39073.043	54949.8672	31865.8945	36750.9414	25331.4961	40807.9844	34892.4414	28628.125	32995.9766	31084.4199	47776.6406	75208.4375	28078.6836	54067.5742	29409.6367	88470.1641	35131.1133	44705.2266	38603.4531	28279.2441
2.8019	54311.1836	26742.0176	47290.8906	43052.4961	36987.3555	65434.7383	55824.4766	74786.0234	34342.0859	44600.457	27699.8848	58606.8281	40318.207	29028.498	35800.875	31326.8828	66252.1875	102692.6797	33375.9531	77143.6875	32364.0195	91690.2812	44894.2422	53182.6914	52867.7852	29871.2324
2.9353	80399.4141	29849.1699	48929.7031	59793.5625	46193.6641	104461.1484	77997.0781	77368.6875	37642.5117	49357.5273	27125.7676	71006.9766	49834.2383	29066.0254	43001.7227	33435.3594	73322.5703	99842.9297	41338.5039	83486.3203	38640.0664	65357.8086	58639.4023	56922.6875	71872.7969	36293.3516
3.0687	92607.8906	37238.6953	39191.9531	71000.9688	51055.043	116448.6328	83013.6797	55342.9297	53590.3906	44426.7656	30845.8145	64534.4297	57573.1016	30050.1035	61013.6133	42524.7891	61990.3125	66583.0859	52491.625	62336.1875	51017.1016	45295.4297	52079.1641	49304	69921.2422	44923.2852
3.2021	69554.4297	48817.1445	33125.1641	58947.2109	42585.1602	86976.6406	59073.3086	39562.5469	83748.9844	38228.3906	38713.7695	47115	51907.5938	31603.1348	71990.4453	62119.707	45456.4023	43575.5625	56940.793	43892.8477	75112.1875	36331.2852	37294.5781	40301.7773	49844.832	41667.7969
3.3355	43924.0508	48026.3945	29735.6699	44152.5938	35323.0898	66623.25	42264.0742	33135.4805	103070.1172	34165.7227	47300.0547	35382.6094	41212.8672	34630.9766	58074.7148	78783.5	38088.5625	33864.7383	44168.8594	40342.1953	85703.9375	33771.4219	29922.9004	36140.375	38350.082	34291.0391
3.469	35231.4648	40660.8242	30329.1172	35969.5156	31760.7793	70572.8984	36659.8398	31682.8789	85551.0781	32042.9355	47728.2695	31371.3164	35595.6719	41550.3047	43470.9961	69025.6094	35496.6289	30795.0293	33466.8203	36002.7812	64495.3906	33452.0195	27141.5332	35948.4297	NaN	28325.8262
3.6024	32659.5078	32601.7871	NaN	32031.4277	33495.5234	NaN	34173.4453	30717.8965	54617.7305	30307.6465	38234.3203	30749.8691	35387.4375	56181.6875	37797.2578	46848.5117	31998.3926	29398.0215	28725.1016	NaN	44830.7852	32755.375	25958.7422	33991.2148	NaN	27596.1484
3.7358	30955.5215	30126.2949	NaN	32084.7383	35784.8555	NaN	33355.0312	30352.8867	40046.9062	NaN	32416.6992	29139.127	37278.0352	63172.0352	34790.6875	36070.3828	NaN	28612.9629	27836.3691	NaN	33640.3672	NaN	25345.9277	35175.625	NaN	28125.8984
3.8692	NaN	28287.7207	NaN	30416.0488	37946.375	NaN	NaN	31205.832	35452.918	NaN	29435.6426	28161.207	NaN	47863.8906	36194.832	32740.0664	NaN	28791.3477	27733.1152	NaN	29219.4746	NaN	NaN	NaN	NaN	26125.0195
4.0027	NaN	28749.832	NaN	NaN	NaN	NaN	NaN	NaN	33157.4609	NaN	29859.3203	NaN	NaN	36273.9453	NaN	30646.1582	NaN	28535.8223	NaN	NaN	NaN	NaN	NaN	NaN	NaN	24494.166
4.1361	NaN	NaN	NaN	NaN	NaN	NaN	NaN	NaN	32961.6523	NaN	31045.9805	NaN	NaN	30979.3613	NaN	NaN	NaN	NaN	NaN	NaN	NaN	NaN	NaN	NaN	NaN	NaN
4.2695	NaN	NaN	NaN	NaN	NaN	NaN	NaN	NaN	33590.0859	NaN	NaN	NaN	NaN	30485.877	NaN	NaN	NaN	NaN	NaN	NaN	NaN	NaN	NaN	NaN	NaN	NaN
4.4029	NaN	NaN	NaN	NaN	NaN	NaN	NaN	NaN	30680.8047	NaN	NaN	NaN	NaN	28915.6445	NaN	NaN	NaN	NaN	NaN	NaN	NaN	NaN	NaN	NaN	NaN	NaN
4.5363	NaN	NaN	NaN	NaN	NaN	NaN	NaN	NaN	NaN	NaN	NaN	NaN	NaN	NaN	NaN	NaN	NaN	NaN	NaN	NaN	NaN	NaN	NaN	NaN	NaN	NaN
4.6698	NaN	NaN	NaN	NaN	NaN	NaN	NaN	NaN	NaN	NaN	NaN	NaN	NaN	NaN	NaN	NaN	NaN	NaN	NaN	NaN	NaN	NaN	NaN	NaN	NaN	NaN
