x	Y_20181208_15692_31_1g	Y_20181208_15692_31_8g	Y_20181208_15692_32_12g	Y_20181208_15692_32_13g	Y_20181208_15692_32_14g	Y_20181208_15692_34_1g	Y_20181208_15692_34_6g	Y_20181208_15692_36_1g	Y_20181208_15692_37_1g	Y_20181208_15692_37_3g	Y_20181208_15692_37_6g	Y_20181208_15692_38_17g	Y_20181208_15692_38_2g	Y_20181208_15692_38_3g	Y_20181208_15692_39_4g	Y_20181208_15692_42_12g	Y_20181208_15692_42_4g	Y_20181208_15692_42_8g	Y_20181208_15692_43_11g	Y_20181208_15692_44_14g	Y_20181208_15692_44_17g	Y_20181208_15692_45_11g	Y_20181208_15692_45_15g	Y_20181208_15692_45_5g	Y_20181208_15692_46_10g	Y_20181208_15692_46_15g	Y_20181208_15692_6_4g
0	9441.4473	10288.0264	11839.3359	12423.1611	9433.4307	11048.96	9277.1631	10182.1689	11915.4053	10741.8574	11376.9902	11079.7949	12447.1729	10333.9082	10717.2012	11916.8506	12746.8057	13022.3535	12251.4971	10493.3994	11577.3408	9948.9141	15557.7021	12496.5859	9505.0479	9444.8154	12032.5166
0.1334	10477.8037	10769.3047	13110.6504	12433.3828	10745.2002	10596.4395	9225.5996	10861.7148	11709.6533	11207.0684	12711.2656	13270.8994	13923.0625	10880.2539	11578.4492	13607.4277	14539.9434	14645.6045	13195.2451	12109.126	12731.3096	10186.0898	14143.4404	13335.0127	9460.7617	9947.4912	14129.3066
0.2668	11941.8994	11358.8291	15346.3896	13581.3037	12538.6719	10876.7158	9675.502	11280.4844	12294.2764	12695.6357	15434.1582	13985.8594	14906.4834	12354.7324	14238.6211	17515.4004	15306.3477	17955.5625	13523.0547	14897.0771	16319.3691	10780.4678	15126.0723	14498.3779	9267.0752	10312.042	18136.2461
0.4003	14175.5664	12160.7236	16127.0986	14644.127	14799.9492	11911.8936	10771.4424	12517.2764	12147.3887	13753.6201	15213.209	14352.9062	14611.3662	14287.2383	15458.8105	16786.0488	15386.9404	17329.1602	16697.3203	17703.0547	18274.3906	12225.0645	15770.9512	17156.3672	10708.6357	11151.8672	20918.0957
0.5337	15533.4102	15463.9258	16232.792	16783.5664	19943.1504	13121.293	11797.6416	14806.5615	13711.9102	12568.5977	14462.25	14120.3105	13444.8213	15574.7861	16066.5225	17074.9961	16023.6768	17140.8633	19051.877	16717.4199	17646.957	14246.6797	15516.1387	20710.4355	12488.3008	12086.5977	20572.5352
0.6671	14905.2607	16597.5645	15531.9111	17744.8555	25657.377	13830.5342	13390.3105	18089.4219	14298.4551	12640.3232	12744.8008	12859.8105	14100.1367	15906.542	17157.9707	15705.7578	15389.4336	16737.3438	20731.0938	14886.3525	16865.7266	15613.835	14793.8662	19912.7617	14876.7227	13682.502	18933.625
0.8005	14472.6465	15694.8301	15859.6475	15636.9883	22485.9824	13035.1494	13934.3174	18267.4727	13994.7109	12873.9238	12838.0029	13320.6562	14125.498	15477.8896	15695.4395	15928.1318	15135.7393	14309.9004	19620.8555	14540.4971	16600.791	15058.5732	15061.1475	17019.2031	16598.4258	13469.2588	18218.1816
0.934	13604.1494	15460.124	15401.7275	16786.3867	18257.5684	13837.6846	14160.6738	18189.2285	14089.7607	12329.377	12335.5693	14028.3945	14303.6826	15583.9707	14925.4082	16116.8037	15485.1221	13789.1689	17133.9473	14906.1699	16316.4893	15429.665	15242.418	14889.667	16341.4092	13087.6641	16787.2871
1.0674	13570.5625	14122.9365	14391.7158	16663.6367	15574.5771	13790.2432	13080.4434	17309.041	13438.8271	13170.0791	13253.4385	13381.6699	13849.332	15822.6172	13937.6211	15589.7012	14765.3877	13774.2744	15256.4434	14043.8711	17595.5332	14589.9463	14603.5938	15833.959	15828.1504	12323.3066	17082.7188
1.2008	13825.8232	15343.2959	14487.124	16088.5771	14915.6387	13727.9258	12337.4629	18938.3457	13900.8525	13720.8955	13339.417	13336.4873	13676.4639	16452.4434	14692.9697	15673.2588	14584.7354	13599.458	15054.6133	13752.7178	16366.7529	14161.417	13976.498	15861.751	15947.082	12459.9062	17063.9043
1.3342	13644.2129	14986.5752	14759.2041	16907.375	15006.6123	14352.166	11871.5195	17126.4219	14128.3252	13731.2686	13721.4268	13023.0947	13506.2119	16844.5977	14766.5557	15568.624	13836.2598	12321.9336	14848.4082	14188.8545	16734.1094	13636.376	14388.2236	16201.6699	15327.9863	13138.7734	15692.0723
1.4676	14202.9092	15275.5371	15344.2803	17729.0586	15319.8516	15003.0898	12004.0146	16278.1035	13666.792	14027.6377	14767.1074	13206.6543	12603.2031	17756.0371	14063.8672	15418.8066	13417.0674	13075.1182	15619.5381	15211.8643	17504.4531	13517.4512	14192.6338	16181.9385	15612.4219	13377.8379	15372.2969
1.6011	14458.0469	14626.3691	14498.3262	17706.2617	15571.9482	15105.0811	13764.5332	16074.9639	14501.543	13398.0947	15464.4736	13107.8945	12770.9971	17910.4102	15321.873	15579.291	12680.0947	13071.1777	14598.9346	15335.0332	16093.7129	12735.5557	13145.502	16495.5254	14856.5977	13722.1133	17076.6191
1.7345	14248.9121	15170.7207	13780.1113	18789.3086	16082.7402	14721.4268	13289.2324	14514.3242	13888.126	14015.8789	14244.9014	13842.9473	12661.6875	16761.3164	16079.3369	15071.4551	13329.168	12207.9785	14404.5527	14975.5928	16546.7227	12732.5752	12666.0762	16568.5254	14807.9775	13870.0059	17627.2773
1.8679	15681.4834	14863.2812	14137.2344	17775.5449	17219.5254	15304.8486	13300.4932	14059.3877	13616.3945	14531.0732	13483.0986	15909.126	12807.6211	16460.3652	15594.1211	13722.5059	12971.9346	12344.8867	14607.6562	15072.5254	15011.1992	13263.8213	12498.0908	16286.0566	15230.2949	14829.3037	17000.3516
2.0013	14292.3477	15641.542	14645.8047	17637.3945	16720.5781	16699.0039	12266.8818	14261.0947	12791.9248	13906.9395	14046.8408	17134.9043	13800.9326	14597.4609	15062.4219	13760.5889	12897.7861	11754.7607	13578.6973	14536.4346	15230.583	13873.6309	12481.1396	15060.2031	14282.1836	14206.3145	16301.4277
2.1347	14317.6689	14546.3018	14562.208	17865.4336	15776.7383	16165.79	12565.8936	13927.0547	13029.0371	13514.8701	14071.3545	16166.5703	12952.0693	13075.5889	14612.292	12404.1582	12969.0527	12557.4893	15070.3359	14402.5186	14081.4316	12457.1641	12371.4688	14928.7422	13962.4209	14547.9746	15592.0186
2.2682	14797.2148	13785.1992	14871.1074	17982.877	15429.2539	15949.6172	12993.2871	12995.0498	12961.6709	13283.5723	12677.3438	15483.9688	12941.0283	13177.4111	13149.4053	13185.2979	11902.0654	12892.9932	15168.4121	14612.5947	14033.6387	12517.2441	11861.8086	13913.4658	13446.7266	15301.6865	13536.457
2.4016	14196.917	13603.0361	14386.123	15991.6846	14019.1074	15996.6846	13172.9141	12864.6621	12597.4102	13659.7607	13775.8184	14847.4326	12417.2705	13417.3369	13355.9248	12288.6064	12421.625	12809.7461	14272.792	14718.5859	13831.0957	12636.168	11551.0713	13351.7217	13231.8936	15249.3975	13605.5693
2.535	15357.9375	13774.8828	13435.6182	15926.29	14515.082	15301.1484	13055.6875	12227.0908	12380.1318	13191.8223	13212.3906	14607.4033	12142.3965	13898.4365	13126.5615	12100.5186	12657.2852	12890.2783	12320.9375	14976.0635	15111.8037	12666.1621	12317.1855	12565.0859	12726.5049	14644.1074	13727.9609
2.6684	14224.7256	13321.709	12926.2666	15142.0479	15500.7393	15658.5869	12854.0078	12468.4541	12498.2686	12660.8096	13172.8164	13447.6309	11394.6016	13297.6074	12094.2305	12107.874	12285.4932	12428.9316	12429.4775	14783.4326	14042.8096	13087.5938	11335.5176	12909.6982	11930.0264	14179.0312	14677.4346
2.8019	14741.3496	11865.0625	11985.8193	14754.4355	15094.9355	14524.3496	13940.9189	11886.96	13064.1182	12617.0801	11971.4688	12948.5176	12707.8555	13420.3594	11895.8281	12197.1279	12521.2979	12777.8525	12502.5879	13978.6631	13778.0859	12678.7295	11207.7402	12171.3545	11899.3369	13331.5156	15380.7891
2.9353	15402.4326	12368.2139	12334.0244	14290.3936	15572.0195	14244.1494	14400.3457	11499.6797	12921.3506	12578.0244	12571.4844	12820.2578	NaN	13318.9189	11758.1377	11742.1914	12952.3447	11730.8232	12378.5059	12965.4404	13672.8184	12245.376	10731.9561	11756.0615	11833.4629	12591.7822	14269.7227
3.0687	14537.8389	11613.6172	11833.5615	13940.9316	14972.8379	13707.0889	15817.457	11326.3516	11679.7832	13263.7334	11965.7256	12590.1992	NaN	12877.1602	11372.8193	11276.5	13170.3105	NaN	11859.5117	12543.668	15248.5127	11857.4219	10437.8447	10976.7002	11372.1553	11870.1514	12960.124
3.2021	14420.6348	10767.5156	12167.8574	13716.21	14672.2266	14884.5527	15655.5234	11204.0059	10600.7969	NaN	NaN	13070.5674	NaN	12745.4961	11185.8223	NaN	13096.5488	NaN	11224.7275	11399.1982	14560.8027	12274.5498	10677.2676	11159.7471	11212.5957	11708.9775	12430.8535
3.3355	NaN	11649.3916	11708.9697	13456.4707	14973.498	16149.1514	15491.8691	10963.6025	NaN	NaN	NaN	NaN	NaN	NaN	11162.0508	NaN	NaN	NaN	10779.6045	11311.166	NaN	12103.6807	NaN	11070.3672	11639.3408	11750.1738	12408.0264
3.469	NaN	11659.4434	NaN	14064.833	13654.4033	16575.2461	14386.3291	10260.4854	NaN	NaN	NaN	NaN	NaN	NaN	NaN	NaN	NaN	NaN	NaN	11081.8154	NaN	11889.6475	NaN	10781.0078	11876.085	NaN	NaN
3.6024	NaN	11378.3154	NaN	13375.9463	14238.5342	14690.8086	14275.7246	10239.5742	NaN	NaN	NaN	NaN	NaN	NaN	NaN	NaN	NaN	NaN	NaN	10631.1846	NaN	12115.6572	NaN	NaN	NaN	NaN	NaN
3.7358	NaN	11933.1279	NaN	13479.2041	13180.8799	13317.4268	12944.1582	10041.248	NaN	NaN	NaN	NaN	NaN	NaN	NaN	NaN	NaN	NaN	NaN	NaN	NaN	NaN	NaN	NaN	NaN	NaN	NaN
3.8692	NaN	NaN	NaN	NaN	13705.25	13319.7295	12754.8945	9543.0508	NaN	NaN	NaN	NaN	NaN	NaN	NaN	NaN	NaN	NaN	NaN	NaN	NaN	NaN	NaN	NaN	NaN	NaN	NaN
4.0027	NaN	NaN	NaN	NaN	NaN	12629.9004	11829.5469	NaN	NaN	NaN	NaN	NaN	NaN	NaN	NaN	NaN	NaN	NaN	NaN	NaN	NaN	NaN	NaN	NaN	NaN	NaN	NaN
4.1361	NaN	NaN	NaN	NaN	NaN	12992.666	NaN	NaN	NaN	NaN	NaN	NaN	NaN	NaN	NaN	NaN	NaN	NaN	NaN	NaN	NaN	NaN	NaN	NaN	NaN	NaN	NaN
4.2695	NaN	NaN	NaN	NaN	NaN	13384.0225	NaN	NaN	NaN	NaN	NaN	NaN	NaN	NaN	NaN	NaN	NaN	NaN	NaN	NaN	NaN	NaN	NaN	NaN	NaN	NaN	NaN
4.4029	NaN	NaN	NaN	NaN	NaN	NaN	NaN	NaN	NaN	NaN	NaN	NaN	NaN	NaN	NaN	NaN	NaN	NaN	NaN	NaN	NaN	NaN	NaN	NaN	NaN	NaN	NaN
4.5363	NaN	NaN	NaN	NaN	NaN	NaN	NaN	NaN	NaN	NaN	NaN	NaN	NaN	NaN	NaN	NaN	NaN	NaN	NaN	NaN	NaN	NaN	NaN	NaN	NaN	NaN	NaN
4.6698	NaN	NaN	NaN	NaN	NaN	NaN	NaN	NaN	NaN	NaN	NaN	NaN	NaN	NaN	NaN	NaN	NaN	NaN	NaN	NaN	NaN	NaN	NaN	NaN	NaN	NaN	NaN
