x	Y_20181208_15693_1_13g	Y_20181208_15693_12_8g	Y_20181208_15693_13_13g	Y_20181208_15693_13_8g	Y_20181208_15693_14_5g	Y_20181208_15693_16_3g	Y_20181208_15693_17_1g	Y_20181208_15693_18_11g	Y_20181208_15693_18_4g	Y_20181208_15693_3_3g	Y_20181208_15693_3_6g	Y_20181208_15693_4_7g	Y_20181208_15693_6_1g	Y_20181208_15693_6_5g	Y_20181208_15693_7_10g	Y_20181208_15693_7_4g	Y_20181208_15693_8_4g
0	32910.5625	27812.0625	26906.3672	28321.1055	27295.0781	31307.1094	26241.9082	30189.4512	32137.4766	29704.8359	31353.1074	30527.2559	26418.6133	32963.6445	30256.6621	33769.207	29515.8711
0.1334	34410.7461	27901.0371	28600.0391	27172.7754	26979.1855	31124.8027	28111.6172	31127.0957	31584.2148	30274.7012	31808.25	31189.5781	27485.1758	30321.5117	29770.2734	32546.293	29664.6875
0.2668	35478.0547	27387.3516	27880.0918	26652.5801	28722.1543	29778.582	27708.2051	29904.3516	32184.2812	30874.082	33186.5938	31999.0078	28242.2715	31854.7871	31035.8477	32544.1562	29274.7402
0.4003	33945.7812	29339.4297	26562.6035	26637.6328	27278.7676	30888.9199	27682.4551	30506.7227	33184.4609	29761.6738	32762.6113	31453.4297	27245.8047	29997.8789	31087.5371	33175.3633	28961.9277
0.5337	32426.0273	28989.9727	26236.1582	27360.3965	26778.9512	31419.9062	27191.8945	30626.5977	31172.916	30698.459	32121.3867	32920.9766	27797.623	30159.7227	29869.9922	32425.4805	28728.2812
0.6671	33761.7969	27678.8242	26734.6367	27561.1504	27420.8242	33020.5859	28857.2988	31379.6055	31128.7188	31702.4316	32914.3398	32303.1016	28869.5098	30131.1074	31167.2578	31684.1055	29758.2402
0.8005	34560.7266	29110.5352	26535.7871	26735.127	27760.7383	32856.1523	29440.6895	31212.1113	31537.5352	30824.9395	32392.3008	32500.0078	28096.8809	29578.9121	31549.3633	30419.8848	31096.0625
0.934	32282.7559	29128.7129	26184.6016	26670.8691	29096.3555	32055.3145	28031.7754	31044.2539	30606.4785	30946.6094	33194.375	33204.4492	27867.7324	30738.125	30059.9824	31770.2695	30039.6328
1.0674	34693.1406	28191.2305	27139.0586	25955.6797	27950.5977	30216.0176	29159.0645	30763.5586	31192.9727	30615.1875	33670.9258	30943.3164	27494.9609	30931.8281	31464.5664	33617.7773	29411.582
1.2008	34264.9375	28717.1816	27815.2051	26133.6484	27581.3809	31348.2363	29644.4531	31349.9375	29708.9961	29203.6797	32295.6973	30573.0469	28292.0977	30690.4746	31242.0586	32893.9727	30140.5449
1.3342	33864.8789	28947.9551	27096.0078	26797.3945	28468.9648	32206.0605	28822.7461	30546.082	31952.5176	29027.9863	32257.5566	32291.2539	28142.6562	30557.9297	29523.0449	34331.5039	29854.6543
1.4676	33534.3711	29138.9688	27439.873	26498.1406	28096.4414	32946.3828	29431.4707	31372.4121	31424.8379	30586.6387	33665.9844	31209.9922	27662.4395	31293.1172	30662.9121	34522.2148	29849.3535
1.6011	32383.3789	31020.4941	27615.9492	26653.1875	28460.4492	33192.0234	29527.8105	32158.418	30879.1504	30662.9336	32715.5645	33087.8633	27399.7422	31586.9297	31450.3516	34093.6953	28935.1289
1.7345	33241.9141	30101.5781	27717.9434	26164.9805	29018.7441	33519.1602	28583.1348	31249.9805	32641.7422	31417.3262	34418.8086	33039.5625	28355.377	31201.8125	30606.1934	35561.7812	30172.625
1.8679	34264.6836	31207.8027	28037.9355	27408.7402	28353.6699	33951.0312	28230.998	33199.3281	33927.4062	32142.7188	35679.5	33741.6992	28479.8477	31859.2949	31418.3945	40663.6602	32362.8906
2.0013	34991.3398	35475.8789	30737.9434	28821.7988	30480.752	37782.5312	28326.125	36430.7031	34068.1172	31997.6055	35647.3008	34168.4609	29095.4082	33192.3672	30945.8555	51861.8242	33780.4453
2.1347	36843.4961	44789.6445	34913.3047	29999.9941	34112.8398	43629.5781	29033.8711	39933.5625	35922.3242	34767.8438	37460.0508	35525.3438	28829.3262	37604.8242	32614.5117	68203.3906	39749.0664
2.2682	41488.0586	70786.375	43218.918	34321.3242	40562.0391	64510.1992	30737.4141	49007.3203	42147.3125	46579.1641	42126.7734	38492.6172	30746.3672	42035.082	34201.1445	70935.1406	54913.9414
2.4016	53293.5781	98758.7188	54739.7148	40304.125	51848.957	104005.6172	32498.084	56959.6289	52346.043	70814	54098.1016	46876.7305	35222.5156	42696.875	41311.7812	53913.6953	67781.5703
2.535	69082.1094	88956.7969	55270.5508	41581.7109	49941.8008	126463.7812	37812.5977	54031.6172	71838.2109	101579.6406	79599.3984	59696.8945	46526.3359	38510.6758	53212.7305	40235.6641	67729.6875
2.6684	66861.5312	57820.7734	42517.4453	35429.7656	46555.0938	91588.3438	53121.2188	46681.7422	79637.4453	96795.0469	93657.0859	67044.125	71951.7656	35039.8398	59124.9766	33961.8359	53064.9844
2.8019	50650.0938	42296.6719	34283.0547	30392.1465	57143.0117	54910.3633	76400.6875	38459.375	70200.8984	64725.4023	75609.6875	54533.6328	87870.4688	35089.7031	52924.6211	31508.4355	38944.375
2.9353	40610.0352	38580.2891	30974.2188	28366.0625	67358.2812	40765.5508	80898.6406	36601.0312	52930.6328	45450.5039	49017.9219	43974.3633	73053.1484	34342.875	40349.1797	31813.1836	35682.6992
3.0687	37019.5312	37592.5859	27345.1855	NaN	NaN	35247.1992	62072.0547	34504.5898	42062.1172	38990.2031	39840.8906	42922.4531	53316.3945	32138.623	34702.1797	NaN	33175.7812
3.2021	36276.5469	NaN	NaN	NaN	NaN	36662.7148	44267.9375	32871.418	36052.4492	36164.6641	35837.7305	38663.7969	41737.7617	NaN	32037.3945	NaN	32606.8145
3.3355	NaN	NaN	NaN	NaN	NaN	33820.2891	38245.8672	NaN	34133.9102	35419.4727	32470.5879	36872.1484	35748.3945	NaN	31802.7129	NaN	33740.6406
3.469	NaN	NaN	NaN	NaN	NaN	33256.2695	34236.9141	NaN	NaN	NaN	31275.8105	34434.9336	33792.9492	NaN	NaN	NaN	NaN
3.6024	NaN	NaN	NaN	NaN	NaN	NaN	32842.9648	NaN	NaN	NaN	31493.9004	32876.7266	31013.0488	NaN	NaN	NaN	NaN
3.7358	NaN	NaN	NaN	NaN	NaN	NaN	NaN	NaN	NaN	NaN	NaN	NaN	NaN	NaN	NaN	NaN	NaN
3.8692	NaN	NaN	NaN	NaN	NaN	NaN	NaN	NaN	NaN	NaN	NaN	NaN	NaN	NaN	NaN	NaN	NaN
4.0027	NaN	NaN	NaN	NaN	NaN	NaN	NaN	NaN	NaN	NaN	NaN	NaN	NaN	NaN	NaN	NaN	NaN
4.1361	NaN	NaN	NaN	NaN	NaN	NaN	NaN	NaN	NaN	NaN	NaN	NaN	NaN	NaN	NaN	NaN	NaN
4.2695	NaN	NaN	NaN	NaN	NaN	NaN	NaN	NaN	NaN	NaN	NaN	NaN	NaN	NaN	NaN	NaN	NaN
4.4029	NaN	NaN	NaN	NaN	NaN	NaN	NaN	NaN	NaN	NaN	NaN	NaN	NaN	NaN	NaN	NaN	NaN
4.5363	NaN	NaN	NaN	NaN	NaN	NaN	NaN	NaN	NaN	NaN	NaN	NaN	NaN	NaN	NaN	NaN	NaN
4.6698	NaN	NaN	NaN	NaN	NaN	NaN	NaN	NaN	NaN	NaN	NaN	NaN	NaN	NaN	NaN	NaN	NaN
4.8032	NaN	NaN	NaN	NaN	NaN	NaN	NaN	NaN	NaN	NaN	NaN	NaN	NaN	NaN	NaN	NaN	NaN
4.9366	NaN	NaN	NaN	NaN	NaN	NaN	NaN	NaN	NaN	NaN	NaN	NaN	NaN	NaN	NaN	NaN	NaN
5.07	NaN	NaN	NaN	NaN	NaN	NaN	NaN	NaN	NaN	NaN	NaN	NaN	NaN	NaN	NaN	NaN	NaN
5.2035	NaN	NaN	NaN	NaN	NaN	NaN	NaN	NaN	NaN	NaN	NaN	NaN	NaN	NaN	NaN	NaN	NaN
5.3369	NaN	NaN	NaN	NaN	NaN	NaN	NaN	NaN	NaN	NaN	NaN	NaN	NaN	NaN	NaN	NaN	NaN
5.4703	NaN	NaN	NaN	NaN	NaN	NaN	NaN	NaN	NaN	NaN	NaN	NaN	NaN	NaN	NaN	NaN	NaN
5.6037	NaN	NaN	NaN	NaN	NaN	NaN	NaN	NaN	NaN	NaN	NaN	NaN	NaN	NaN	NaN	NaN	NaN
5.7371	NaN	NaN	NaN	NaN	NaN	NaN	NaN	NaN	NaN	NaN	NaN	NaN	NaN	NaN	NaN	NaN	NaN
5.8706	NaN	NaN	NaN	NaN	NaN	NaN	NaN	NaN	NaN	NaN	NaN	NaN	NaN	NaN	NaN	NaN	NaN
