x	Y_20181208_15693_1_13g	Y_20181208_15693_1_4g	Y_20181208_15693_10_14g	Y_20181208_15693_12_8g	Y_20181208_15693_13_13g	Y_20181208_15693_13_6g	Y_20181208_15693_13_8g	Y_20181208_15693_14_1g	Y_20181208_15693_14_5g	Y_20181208_15693_15_4g	Y_20181208_15693_15_5g	Y_20181208_15693_16_3g	Y_20181208_15693_17_13g	Y_20181208_15693_17_1g	Y_20181208_15693_18_11g	Y_20181208_15693_18_2g	Y_20181208_15693_18_4g	Y_20181208_15693_2_10g	Y_20181208_15693_20_6g	Y_20181208_15693_3_3g	Y_20181208_15693_3_5g	Y_20181208_15693_3_6g	Y_20181208_15693_4_2g	Y_20181208_15693_4_7g	Y_20181208_15693_6_13g	Y_20181208_15693_6_1g	Y_20181208_15693_6_2g	Y_20181208_15693_6_5g	Y_20181208_15693_6_7g	Y_20181208_15693_7_10g	Y_20181208_15693_7_4g	Y_20181208_15693_8_4g	Y_20181208_15693_9_13g	Y_20181208_15693_9_1g	Y_20181208_15693_9_2g	Y_20181208_15693_9_5g
0	13337.5537	10886.4375	13068.7646	12604.8584	11040.1133	11064.502	12562.1514	13523.7559	13398.6953	10688.7812	15215.4395	12313.0498	14342.3633	9927.4883	11811.6348	12892.1699	12194.6631	13015.7656	12828.4473	13353.6602	12071.584	12489.7783	9676.0186	11429.667	12879.3447	10189.707	10633.8965	11837.9941	13786.8145	10106.1826	16392.877	12415.2285	9025.6963	12538.082	10960.1318	10616.1279
0.1334	14830.8076	10930.0078	14522.5049	15530.5967	11776.1172	11810.6367	12997.5459	14235.8955	15036.8184	12145.6963	17841.6055	12996.4004	17677.2109	10416.9844	13823.9316	14759.9609	12222.6729	13149.5146	14521.0811	14138.4619	13029.7725	15069.1152	10537.084	11540.7471	12797.1465	10853.4365	11169.6621	12614.7559	13276.4258	10722.4512	16525.3027	15446.5635	9408.7568	15683.1992	13363.6406	11465.2275
0.2668	17805.1426	11580.8535	17196.2012	18209.8418	14552.1416	12324.791	14115.2773	17036.1465	16534.1367	14844.3135	18025.0391	13626.7061	19372.043	11386.3594	14179.8594	15203.834	13468.9443	14406.0625	17889.3047	16560.3691	14372.3965	18261.4297	11763.8916	14174.6865	13120.9678	11960.0811	11739.6846	13747.0156	13682.8516	11617.0176	15296.7793	16584.2754	10061.5381	19034.0566	16102.0527	13088.2139
0.4003	19947.457	11319.0273	20975.1484	17302.0996	16630.7812	11933.4062	15024.8945	18765.0312	14954.417	16005.3818	15343.8691	16501.252	17938.0039	11687.916	14030.7725	14414.0947	16702.2012	15987.1201	22871.3066	20253.5195	15837.8379	22973.7969	14335.585	16511.6934	14325.4209	12849.1045	13266.1348	15668.6787	15800.165	12430.3174	14618.1719	15843.7285	11222.0996	19819.6426	16977.0039	15505.7539
0.5337	16625.3457	13267.3926	22846.2422	14718.4658	15160.1436	13889.4561	14433.877	18228.1816	13395.209	15222.4023	14141.8926	15024.7754	15077.4766	12716.001	13091.0977	13898.7988	17597.0117	15367.2451	21917.166	19718.4531	14949.6504	23739.3457	15112.4404	17397.4062	17668.2852	13861.1904	13094.9639	18165.5293	19913.3984	13758.6455	13608.1797	15053.832	12150.3701	17922.5605	14839.1758	17319.3535
0.6671	13340.3125	13530.8613	21097.6875	13232.8838	13872.7598	14486.8779	13419.5977	17646.6836	13451.9229	14993.0244	13645.3916	14121.2637	14291.7061	14134.4482	12344.5537	13443.7021	16754.7227	14920.7559	17420.9824	17670.8867	13617.3311	20766.5391	13817.5088	13884.0283	25488.9688	14459.2295	13381.1914	21302.2637	20940.2207	13671.3711	13914.7314	14490.6201	13151.3604	16303.6807	13236.5996	18445.4668
0.8005	12653.8086	12864.0703	16871.4102	12307.8652	12534.0283	13367.8438	12930.5527	17055.8242	13527.0703	15036.083	13936.0244	13041.9346	12857.874	14593.6963	12466.3164	13053.333	15250.1221	15297.7734	14333.8809	15757.5059	12403.5498	20012.4551	12860.9639	13969.3945	32290.2539	13483.71	13401.5449	19923.0586	17710.2227	13675.0752	13240.2715	14027.1377	14177.4971	15688.8848	12812.4277	17665.5625
0.934	12046.6777	12187.458	14916.6592	11057.4121	12563.7988	11701.7217	12605.3799	16779.0527	12549.0527	14292.6836	13950.7451	13989.4678	12793.5635	13081.6621	12165.1855	13512.9756	13640.1279	14599.2324	12919.6514	15071.0723	12441.3389	19192.9941	13676.1396	13438.752	30459.2324	13140.8652	12907.5049	18293.582	16328.1777	14258.6729	13065.6025	15810.2236	14251.7012	15079.7168	11914.4609	16496.9707
1.0674	12306.4814	11236.8594	13765.9141	10934.6182	11757.1152	11973.0703	12836.2871	16096.6465	12329.1602	13225.7236	13646.7617	14685.8525	12260.0234	12885.6885	11641.9277	13537.7178	13097.5312	13035.9785	12287.0615	13845.0039	12755.0771	19641.7227	14008.585	12933.9609	24837.2051	12586.0303	11623.5625	17110.7617	15395.3809	13716.2402	13443.1875	17988.7266	14973.2803	13548.7158	11960.2852	15464.0508
1.2008	12806.8359	11107.8535	12914.9648	11107.4414	11270.3115	12108.5986	12342.0059	15852.8789	11459.5098	13452.9609	13000.6064	13714.3916	12228.1943	13642.9297	11982.791	14384.1514	12176.7139	12281.1064	12131.0264	13417.4883	13375.8916	17663.7344	13505.6943	13151.207	21270.291	11902.8398	11148.7588	16674.6348	14474.5752	13961.999	15616.7764	17960.4258	14501.7969	12866.6777	11621.3398	15066.2852
1.3342	12448.8818	10866.877	12984.0879	10487.3135	11933.9785	13165.459	12038.8213	15358.3213	11710.1865	13615.8037	12065.9854	13419.1074	12953.5664	12465.4092	11804.9551	13958.3096	11888.8896	12321.877	12285.7158	14504.3574	12896.6104	17041.6074	13352.1875	13406.6172	16751.4512	11774.3896	10964.1641	16490.0371	14186.2256	14176.2441	15902.2939	15421.1904	14319.5303	13207.4443	11596.0732	14300.1982
1.4676	11699.1973	12190.1289	12491.6484	10685.8184	11638.9688	13156.5869	12739.0811	14269.9482	12089.2871	12364.5908	12107.0869	14285.9121	13069.2168	12697.1504	11462.835	13888.835	12351.2295	12589.0576	13264.5459	15647.0674	14778.418	16151.9268	14293.8584	14009.1133	17229.8613	11508.3789	10523.1484	16961.7695	15090.6104	14386.7373	14069.3916	13314.0059	13017.917	12475.916	11140.9463	13660.1553
1.6011	10805.9365	12824.6523	12306.7061	11125.9238	12207.7441	13035.8926	12183.4668	13722.8506	12407.9277	12713.2842	11112.9551	14132.6475	14005.7656	12085.0312	10702.7275	14183.5938	11756.1592	11743.4209	13113.5078	16121.8701	14812.6621	15837.0996	14603.2021	14628.4482	16838.5449	10995.167	11055.6631	15810.3965	16278.3066	13475.3408	14177.9932	13140.7549	12219.9922	13000.1689	10570.6279	13161.3721
1.7345	10591.8447	11944.5957	13261.6758	11207.1963	11686.1689	13414.1885	11718.9307	12304.4004	11708.5674	13430.1279	11554.5283	13356.4531	14785.1611	12058.8564	11010.2061	13735.5498	11908.9873	11287.6133	14020.1553	15621.7939	14636.8838	15962.6807	14039.4463	13387.6992	15877.5615	11125.9893	10997.3818	13927.1592	16438.3398	13794.0752	14282.9238	12308.3184	12494.209	12686.8838	9992.7236	12755.3105
1.8679	10820.9805	12584.5713	14579.1484	11419.6553	12213.6221	13425.3389	11324.2109	11741.2861	12457.1855	14365.8965	11412.8545	13514.1875	15509.6455	11538.1348	11176.1328	12959.4268	12801.7275	11911.4521	14449.8398	15833.9053	14672.3984	15949.7871	13879.5566	13794.5771	14771.7002	11618.1465	11374.2861	13235.3838	16597.9395	12606.834	14335.5879	13044.7373	13391.5889	12530.8662	10223.8906	13155.2539
2.0013	10836.1133	13565.9736	16031.8838	11273.9736	11646.1113	12005.7646	12103.3193	11750.1738	12850.7549	15127.6855	12110.5879	14547.0371	15395.959	10912.3105	11800.8428	12135.5029	13581.4336	12443.8867	15592.4785	15101.4189	14676.1064	15916.5205	13512.1855	13118.6758	14391.7148	12226.8408	11543.0527	12326.9189	15491.4404	12630.7471	14197.6631	13058.917	12880.6943	12596.0664	10106.9883	13900.8184
2.1347	11438.21	14189.5596	18559.7207	11561.5059	11500.4443	11990.3076	10823.2852	12197.9639	13032.9336	15842.7207	12114.4688	14665.6885	16113.2002	10742.3271	11546.6494	12352.1826	14794.8838	13554.9854	15374.9727	15985.3564	14279.0498	15982.9824	13313.041	12294.5498	14552.9473	12861.8447	11319.1992	12482.3438	14731.7129	13325.5635	14428.7734	13182.501	13243.8242	12255.6963	10774.5869	14480.2266
2.2682	12385.0742	12913.5557	18176.1543	11765.1309	11021.8086	11661.0479	10584.6787	13218.6094	12490.4463	15389.7158	12130.792	14014.2939	15701.7588	10901.7412	11331.6494	13071.1553	16330.1562	13909.7861	15464.3018	15810.9658	13759.6836	15013.7861	14051.3682	12287.2881	14906.6846	12474.8408	11907.7061	12855.125	14457.5586	12971.168	13899.7852	14885.4023	13017.5518	11979.5967	12244.2178	14118.0068
2.4016	13083.5332	13741.2715	17148.9727	10903.2871	11511.2168	11432.9395	10346.2197	13740.1816	12370.1641	13870.666	12519.8301	13528.0361	14147.7441	11902.5352	11351.5938	12386.999	16068.7051	13511.626	14923.5146	14357.835	13709.5576	14023.8916	12755.4229	12044.6172	14962.123	11869.6973	11999.5791	12347.6924	13771.8223	13058.0986	13551.9961	14602.3779	12715.4023	12226.0986	11218.8555	13927.3262
2.535	13155.7168	12487.0352	16327.5	11120.54	11166.5664	11724.5977	10585.8027	13831.7676	11660.3008	12733.0635	12450.8525	13183.6973	13730.7002	12551.1885	12445.9131	11013.127	15478.6543	13131.6025	14642.7539	14394.4033	13173.75	13899.0781	12816.4092	13320.7559	15497.5293	11548.9424	12207.4688	12103.4512	14044.9951	13772.0117	13282.6553	13999.8994	11729.4111	12091.2314	11339.1162	13570.5527
2.6684	13104.8408	11992.3721	15337.7891	11308.4395	10834.0078	12005.8154	10562.3887	13750.3799	11946.9424	12529.083	13501.2607	13075.2363	13373.5498	11811.8027	12538.1914	10571.4307	14476.5713	13726.8076	13608.2061	13538.3496	13206.0117	12844.2256	12382.7334	12609.8545	14692.7451	12372.415	12212.7607	12152.207	12689.5117	12860.1699	13175.6641	13804.3779	11753.3652	11974.8877	11727.0674	13356.6221
2.8019	12784.6357	12586.8516	14574.835	10902.0322	10576.9473	11738.7979	10889.4443	12966.4238	12601.9883	11886.6074	12902.707	12431.7979	12797.4463	12136.7676	12465.8418	10684.3945	13852.0498	14394.6992	12579.5273	12978.0645	13186.3584	12105.4482	13294.0176	11464.6172	13682.998	12375.835	11810.2891	12243.0166	12536.8945	11869.1504	13209.0254	15405.9316	11385.0889	10809.6992	11570.8643	13872.5908
2.9353	12511.543	12134.791	14140.832	11053.0107	11033.957	12083.9512	10853.4648	12853.0977	12698.6377	11518.1875	NaN	12281.9883	12720.0352	12319.6201	12349.3906	11443.2285	13569.6562	16147.2197	13636.4453	12272.4385	12451.5684	12088.0225	12731.3311	11498.9121	13657.959	12068.1377	11539.5283	12517.4668	11835.6094	10977.3447	12869.6738	14281.9121	10949.4482	11588.1895	11317.2598	13488.3838
3.0687	12737.5674	12109.2002	14258.3672	11068.8848	11474.7754	13239.8604	NaN	11949.9795	NaN	11061.1055	NaN	11121.3174	11598.25	12338.3711	12316.5439	11384.7236	12220.5088	15959.9062	13264.6533	12004.6826	12807.9561	11174.4082	11648.0889	11549.5518	14936.499	11939.4688	11444.1055	12671.0127	11918.9102	11066.7178	NaN	13302.04	10959.2002	11871.3047	10979.9932	12576.5283
3.2021	13288.6768	NaN	13360.0215	NaN	NaN	12912.2607	NaN	13044.3721	NaN	11464.249	NaN	11446.2715	11956.9033	11679.8262	12554.9717	11042.7373	12178.1826	14014.4912	13357.5156	12011.1406	12750.7881	11197.083	11342.1924	11888.1162	15516.0508	11983.3672	11476.7402	NaN	11737.8906	10336.3301	NaN	13674.7178	11479.8662	12064.5566	11362.6895	11952.7471
3.3355	NaN	NaN	13035.957	NaN	NaN	NaN	NaN	12294.8359	NaN	11785.6494	NaN	11549.7734	12242.7891	11595.2354	NaN	NaN	12275.5137	13799.3848	12860.1152	11679.958	NaN	10323.4316	NaN	12223.6621	14915.4795	12023.3506	11728.0498	NaN	12436.668	10022.6016	NaN	13203.4775	11389.4629	NaN	10760.4473	12085.1104
3.469	NaN	NaN	12799.5596	NaN	NaN	NaN	NaN	11827.6826	NaN	NaN	NaN	11018.6426	NaN	11364.2471	NaN	NaN	NaN	12677.1787	12581.5088	NaN	NaN	9915.8584	NaN	11796.4199	14588.7217	11782.5527	11304.4443	NaN	12113.1484	NaN	NaN	NaN	11613.3105	NaN	11020.4131	12117.6826
3.6024	NaN	NaN	12360.6592	NaN	NaN	NaN	NaN	11984.9346	NaN	NaN	NaN	NaN	NaN	11593.1328	NaN	NaN	NaN	13506.7979	12636.291	NaN	NaN	9803.9668	NaN	11950.4619	13292.3486	12077.668	11250.5264	NaN	11625.4785	NaN	NaN	NaN	11565.9902	NaN	11106.8799	11719.2168
3.7358	NaN	NaN	12162.4678	NaN	NaN	NaN	NaN	NaN	NaN	NaN	NaN	NaN	NaN	NaN	NaN	NaN	NaN	13416.6172	12572.0742	NaN	NaN	NaN	NaN	NaN	13055.6426	NaN	11466.7656	NaN	12578.541	NaN	NaN	NaN	11514.0635	NaN	NaN	NaN
3.8692	NaN	NaN	NaN	NaN	NaN	NaN	NaN	NaN	NaN	NaN	NaN	NaN	NaN	NaN	NaN	NaN	NaN	NaN	12817.0176	NaN	NaN	NaN	NaN	NaN	13245.9365	NaN	NaN	NaN	13639.5205	NaN	NaN	NaN	11131.8213	NaN	NaN	NaN
4.0027	NaN	NaN	NaN	NaN	NaN	NaN	NaN	NaN	NaN	NaN	NaN	NaN	NaN	NaN	NaN	NaN	NaN	NaN	NaN	NaN	NaN	NaN	NaN	NaN	13328.2412	NaN	NaN	NaN	12908.8857	NaN	NaN	NaN	10653.167	NaN	NaN	NaN
4.1361	NaN	NaN	NaN	NaN	NaN	NaN	NaN	NaN	NaN	NaN	NaN	NaN	NaN	NaN	NaN	NaN	NaN	NaN	NaN	NaN	NaN	NaN	NaN	NaN	12998.0547	NaN	NaN	NaN	12869.0625	NaN	NaN	NaN	11014.9951	NaN	NaN	NaN
4.2695	NaN	NaN	NaN	NaN	NaN	NaN	NaN	NaN	NaN	NaN	NaN	NaN	NaN	NaN	NaN	NaN	NaN	NaN	NaN	NaN	NaN	NaN	NaN	NaN	NaN	NaN	NaN	NaN	12625.4961	NaN	NaN	NaN	11313.5615	NaN	NaN	NaN
4.4029	NaN	NaN	NaN	NaN	NaN	NaN	NaN	NaN	NaN	NaN	NaN	NaN	NaN	NaN	NaN	NaN	NaN	NaN	NaN	NaN	NaN	NaN	NaN	NaN	NaN	NaN	NaN	NaN	NaN	NaN	NaN	NaN	11354.2217	NaN	NaN	NaN
4.5363	NaN	NaN	NaN	NaN	NaN	NaN	NaN	NaN	NaN	NaN	NaN	NaN	NaN	NaN	NaN	NaN	NaN	NaN	NaN	NaN	NaN	NaN	NaN	NaN	NaN	NaN	NaN	NaN	NaN	NaN	NaN	NaN	NaN	NaN	NaN	NaN
4.6698	NaN	NaN	NaN	NaN	NaN	NaN	NaN	NaN	NaN	NaN	NaN	NaN	NaN	NaN	NaN	NaN	NaN	NaN	NaN	NaN	NaN	NaN	NaN	NaN	NaN	NaN	NaN	NaN	NaN	NaN	NaN	NaN	NaN	NaN	NaN	NaN
4.8032	NaN	NaN	NaN	NaN	NaN	NaN	NaN	NaN	NaN	NaN	NaN	NaN	NaN	NaN	NaN	NaN	NaN	NaN	NaN	NaN	NaN	NaN	NaN	NaN	NaN	NaN	NaN	NaN	NaN	NaN	NaN	NaN	NaN	NaN	NaN	NaN
4.9366	NaN	NaN	NaN	NaN	NaN	NaN	NaN	NaN	NaN	NaN	NaN	NaN	NaN	NaN	NaN	NaN	NaN	NaN	NaN	NaN	NaN	NaN	NaN	NaN	NaN	NaN	NaN	NaN	NaN	NaN	NaN	NaN	NaN	NaN	NaN	NaN
5.07	NaN	NaN	NaN	NaN	NaN	NaN	NaN	NaN	NaN	NaN	NaN	NaN	NaN	NaN	NaN	NaN	NaN	NaN	NaN	NaN	NaN	NaN	NaN	NaN	NaN	NaN	NaN	NaN	NaN	NaN	NaN	NaN	NaN	NaN	NaN	NaN
5.2035	NaN	NaN	NaN	NaN	NaN	NaN	NaN	NaN	NaN	NaN	NaN	NaN	NaN	NaN	NaN	NaN	NaN	NaN	NaN	NaN	NaN	NaN	NaN	NaN	NaN	NaN	NaN	NaN	NaN	NaN	NaN	NaN	NaN	NaN	NaN	NaN
5.3369	NaN	NaN	NaN	NaN	NaN	NaN	NaN	NaN	NaN	NaN	NaN	NaN	NaN	NaN	NaN	NaN	NaN	NaN	NaN	NaN	NaN	NaN	NaN	NaN	NaN	NaN	NaN	NaN	NaN	NaN	NaN	NaN	NaN	NaN	NaN	NaN
5.4703	NaN	NaN	NaN	NaN	NaN	NaN	NaN	NaN	NaN	NaN	NaN	NaN	NaN	NaN	NaN	NaN	NaN	NaN	NaN	NaN	NaN	NaN	NaN	NaN	NaN	NaN	NaN	NaN	NaN	NaN	NaN	NaN	NaN	NaN	NaN	NaN
5.6037	NaN	NaN	NaN	NaN	NaN	NaN	NaN	NaN	NaN	NaN	NaN	NaN	NaN	NaN	NaN	NaN	NaN	NaN	NaN	NaN	NaN	NaN	NaN	NaN	NaN	NaN	NaN	NaN	NaN	NaN	NaN	NaN	NaN	NaN	NaN	NaN
5.7371	NaN	NaN	NaN	NaN	NaN	NaN	NaN	NaN	NaN	NaN	NaN	NaN	NaN	NaN	NaN	NaN	NaN	NaN	NaN	NaN	NaN	NaN	NaN	NaN	NaN	NaN	NaN	NaN	NaN	NaN	NaN	NaN	NaN	NaN	NaN	NaN
5.8706	NaN	NaN	NaN	NaN	NaN	NaN	NaN	NaN	NaN	NaN	NaN	NaN	NaN	NaN	NaN	NaN	NaN	NaN	NaN	NaN	NaN	NaN	NaN	NaN	NaN	NaN	NaN	NaN	NaN	NaN	NaN	NaN	NaN	NaN	NaN	NaN
