x	Y_20181208_15693b_1_1g	Y_20181208_15693b_1_6g	Y_20181208_15693b_10_8g	Y_20181208_15693b_11_13g	Y_20181208_15693b_11_9g	Y_20181208_15693b_12_12g	Y_20181208_15693b_12_6g	Y_20181208_15693b_13_10g	Y_20181208_15693b_13_13g	Y_20181208_15693b_13_17g	Y_20181208_15693b_2_11g	Y_20181208_15693b_2_12g	Y_20181208_15693b_2_14g	Y_20181208_15693b_2_5g	Y_20181208_15693b_2_9g	Y_20181208_15693b_3_16g	Y_20181208_15693b_4_8g	Y_20181208_15693b_5_12g	Y_20181208_15693b_5_7g	Y_20181208_15693b_6_12g	Y_20181208_15693b_6_6g	Y_20181208_15693b_7_1g	Y_20181208_15693b_7_7g	Y_20181208_15693b_8_11g	Y_20181208_15693b_8_17g	Y_20181208_15693b_9_10g	Y_20181208_15693b_9_2g	Y_20181208_15693b_9_3g
0	11437.2588	12094.2881	10373.3994	10741.7812	9790.7578	10153.2744	12823.4824	9791.3066	12041.5557	11377.8105	9015.2578	9763.7393	12752.6592	11968.541	12088.6787	11153.6719	10962.0996	14368.8467	10527.0615	9904.5703	4897.4229	11839.459	10613.4639	12064.8408	10079.3125	11014.9912	10057.4355	12222.1787
0.1334	11892.3633	12111.0732	11574.6484	12280.3887	11114.9102	10221.4521	14007.7607	9485.1318	11722.9023	12477.3164	10534.0293	9506.1055	14132.8965	13827.4922	12936.0615	12022.4209	11823.1611	14183.7227	12005.0576	10732.6689	7625.1631	12842.3203	11807.1094	11200.6348	9780.5732	11680.2139	10519.9727	12267.167
0.2668	12278.9658	13203.7734	12733.9844	13257.8701	12752.0332	10857.8164	15201.458	9795.29	11975.3535	12858.4795	11876.3242	9924.0518	18319.582	15853.9395	14043.7881	14018.0293	12830.8604	15162.5391	14329.0088	12194.6436	13868.5859	14646.2686	12528.5576	12239.8633	9964.5361	12992.1152	12280.0947	12315.0635
0.4003	14478.5957	15868.8369	16261.4121	13697.8525	13376.0166	12234.0869	17415.3281	10854.9814	12713.0508	12763.2666	13760.0977	10898.2109	20739.1074	17952.6641	16267.3721	15511.4199	15091.2422	16647.9023	16245.3369	15023.0205	15495.7305	16048.293	14921.7754	12908.7139	11074.5918	14683.3701	14084.1104	13288.7207
0.5337	19490.2539	20667.8496	20850.832	12805.5537	15199.2764	15250.6387	17915.4121	12894.9014	14355.8076	14849.707	12307.541	11747.9346	20375.8691	17555.2637	14918.2939	15170.4561	15999.6074	16961.1836	15022.791	16340.4023	16072.5732	17307.6934	17381.1387	13281.1221	12947.9941	14400.8838	14352.9912	17180.3145
0.6671	23502.502	22961.5664	21591.5645	12284.0576	15214.5811	17052.0996	16142.2822	14177.3955	15147.4883	16458.1074	11640.9512	11907.8984	18356.8965	15292.3457	14995.9004	15079.7812	16974.0312	14712.1338	14564.8867	15802.7266	14762.8096	17508.2285	18769.8633	15499.4609	12220.1846	13783.8086	14356.9297	20156.8418
0.8005	24842.6523	20201.2617	20926.5312	11753.0566	14283.373	17542.7891	16097.0547	16102.9316	16628.043	18085.9746	11932.2031	11640.7109	16458.2188	13360.1748	15171.2871	15744.4141	16982.6562	13418.3799	14023.3037	13673.999	13453.7148	16847.0391	17878.9863	14190.1592	11987.8291	12812.0518	14898.4668	21282.4102
0.934	22217.6875	19168.957	20035.8828	12123.0547	14129.4941	15551.3594	15080.4424	16180.9482	16162.5176	17145.5078	11710.9043	11629.2275	15378.0811	13266.8555	13555.1621	15806.0371	16397.8047	12542.2871	13826.9287	13511.9824	13213.1533	15746.7598	16791.3184	12656.8867	11818.0947	12309.5654	14508.9658	18210.543
1.0674	18555.748	18677.1367	22901.0234	12021.333	14387.1895	15109.7158	14995.6523	16526.1719	16666.2773	16194.7695	12413.2666	12394.8018	14467.8555	13956.751	13926.8701	15455.0244	16958.2324	13072.8291	14612.623	13094.8594	12937.6035	15201.0947	16380.9434	11868.5938	11369.2969	12384.2803	15126.0039	16957.8281
1.2008	17152.0312	18367.1191	23534.3008	12023.1416	13742.3154	15716.1396	13403.3584	16298.3418	16439.9629	16687.0566	11607.6934	12343.9033	14282.3125	12623.7422	13382.2383	14514.4365	15782.4336	12877.9854	14208.6748	12934.6797	11989.2588	14625.2754	16564.541	12001.835	11660.8975	12424.7266	15100.4277	14515.9482
1.3342	16915.2754	16992.6152	21434.0078	11296.6201	13813.7588	16938.7852	13504.2656	16836.6309	15466.8232	16206.6016	12948.832	11913.29	13215.5127	13082.8125	12912.6055	13442.042	15185.9219	13023.332	13689.2881	12201.5303	11691.5996	13602.9961	15514.8926	11845.2754	11524.1436	12892.5586	14928.1016	13831.543
1.4676	16264.8506	16483.4434	19410.0723	11505.9756	14287.9531	16450.3887	12161.1543	16067.1973	15031.6504	14641.1943	13038.5625	11765.4697	12096.2441	12764.124	12688.2236	13388.9746	14287.6523	12534.4355	13299.5518	12136.957	11643.0449	13592.9355	15468.2002	12323.9678	11187.8857	12196.5244	14102.1641	12972.3438
1.6011	16020.5176	14423.8291	17088.6445	12029.0225	13330.1719	14768.457	11486.4375	15462.7646	14275.9199	13193.0156	12983.0664	11045.9482	12335.2178	12593.5908	13167.4873	13387.5781	14131.2568	12540.79	12907.5439	12111.1729	11923.2764	12786.1172	14066.5156	11847.4912	10933.4492	11730.9219	12284.707	12860.3672
1.7345	16016.7549	14062.7412	15417.2422	11353.9258	13113.4551	13130.8232	11352.9785	14326.9756	13791.5684	12524.1113	11943.7178	9697.8584	13116.7168	12708.3311	12883.8857	12836.666	13282.7305	12902.8105	12804.0312	12303.9443	11099.3271	12836.4131	13249.8359	12014.6357	10780.6025	11632.3857	11521.1045	12614.9551
1.8679	13944.6865	13213.0098	14704.6758	NaN	12517.5703	12450.4531	11499.4736	14262.0215	12574.3164	12513.5635	12623.1445	9738.5713	12577.8848	12539	12271.6426	12690.2051	13013.6826	12990.3574	12283.0674	12250.874	10974.4023	12715.4326	12852.4805	12246.3359	10874.6748	11997.7217	11463.8467	12800.8057
2.0013	13092.8945	12365.9492	13764.291	NaN	12406.0156	12049.9521	11530.9951	13807.3594	12530.2285	12919.9326	12246.3193	9762.4424	12873.9912	NaN	11517.3691	13531.3457	12079.4473	12778.7852	12460.0723	12148.3359	NaN	12514.1133	13051.4619	12496.9072	10586.8076	NaN	11233.4023	11656.4502
2.1347	12498.0908	12060.0137	13481.4521	NaN	13203.3662	11934.1689	11383.582	13081.1807	12755.7305	12094.9014	NaN	9614.752	NaN	NaN	10818.1865	NaN	11656.4561	13224.5342	12733.5986	12265.6602	NaN	12655.9658	11953.1758	12077.4258	NaN	NaN	10785.2393	NaN
2.2682	11859.7734	NaN	13473.2256	NaN	NaN	11714.3936	11703.0342	12082.874	NaN	12530.6699	NaN	9982.835	NaN	NaN	NaN	NaN	11659.2705	NaN	NaN	11947.1719	NaN	12873.6934	12011.3154	12659.6787	NaN	NaN	10747.4727	NaN
2.4016	11562.1553	NaN	NaN	NaN	NaN	11419.5322	11753.4229	11469.6865	NaN	NaN	NaN	NaN	NaN	NaN	NaN	NaN	12019.6357	NaN	NaN	NaN	NaN	13167.8398	11547.9785	12428.917	NaN	NaN	NaN	NaN
2.535	11515.4824	NaN	NaN	NaN	NaN	11153.374	11465.2998	11495.9297	NaN	NaN	NaN	NaN	NaN	NaN	NaN	NaN	12088.3555	NaN	NaN	NaN	NaN	NaN	NaN	12798.2002	NaN	NaN	NaN	NaN
2.6684	NaN	NaN	NaN	NaN	NaN	10892.9043	NaN	11664.8594	NaN	NaN	NaN	NaN	NaN	NaN	NaN	NaN	NaN	NaN	NaN	NaN	NaN	NaN	NaN	NaN	NaN	NaN	NaN	NaN
2.8019	NaN	NaN	NaN	NaN	NaN	11522.7959	NaN	11267.6963	NaN	NaN	NaN	NaN	NaN	NaN	NaN	NaN	NaN	NaN	NaN	NaN	NaN	NaN	NaN	NaN	NaN	NaN	NaN	NaN
2.9353	NaN	NaN	NaN	NaN	NaN	NaN	NaN	11546.6807	NaN	NaN	NaN	NaN	NaN	NaN	NaN	NaN	NaN	NaN	NaN	NaN	NaN	NaN	NaN	NaN	NaN	NaN	NaN	NaN
3.0687	NaN	NaN	NaN	NaN	NaN	NaN	NaN	NaN	NaN	NaN	NaN	NaN	NaN	NaN	NaN	NaN	NaN	NaN	NaN	NaN	NaN	NaN	NaN	NaN	NaN	NaN	NaN	NaN
3.2021	NaN	NaN	NaN	NaN	NaN	NaN	NaN	NaN	NaN	NaN	NaN	NaN	NaN	NaN	NaN	NaN	NaN	NaN	NaN	NaN	NaN	NaN	NaN	NaN	NaN	NaN	NaN	NaN
3.3355	NaN	NaN	NaN	NaN	NaN	NaN	NaN	NaN	NaN	NaN	NaN	NaN	NaN	NaN	NaN	NaN	NaN	NaN	NaN	NaN	NaN	NaN	NaN	NaN	NaN	NaN	NaN	NaN
3.469	NaN	NaN	NaN	NaN	NaN	NaN	NaN	NaN	NaN	NaN	NaN	NaN	NaN	NaN	NaN	NaN	NaN	NaN	NaN	NaN	NaN	NaN	NaN	NaN	NaN	NaN	NaN	NaN
3.6024	NaN	NaN	NaN	NaN	NaN	NaN	NaN	NaN	NaN	NaN	NaN	NaN	NaN	NaN	NaN	NaN	NaN	NaN	NaN	NaN	NaN	NaN	NaN	NaN	NaN	NaN	NaN	NaN
3.7358	NaN	NaN	NaN	NaN	NaN	NaN	NaN	NaN	NaN	NaN	NaN	NaN	NaN	NaN	NaN	NaN	NaN	NaN	NaN	NaN	NaN	NaN	NaN	NaN	NaN	NaN	NaN	NaN
3.8692	NaN	NaN	NaN	NaN	NaN	NaN	NaN	NaN	NaN	NaN	NaN	NaN	NaN	NaN	NaN	NaN	NaN	NaN	NaN	NaN	NaN	NaN	NaN	NaN	NaN	NaN	NaN	NaN
4.0027	NaN	NaN	NaN	NaN	NaN	NaN	NaN	NaN	NaN	NaN	NaN	NaN	NaN	NaN	NaN	NaN	NaN	NaN	NaN	NaN	NaN	NaN	NaN	NaN	NaN	NaN	NaN	NaN
4.1361	NaN	NaN	NaN	NaN	NaN	NaN	NaN	NaN	NaN	NaN	NaN	NaN	NaN	NaN	NaN	NaN	NaN	NaN	NaN	NaN	NaN	NaN	NaN	NaN	NaN	NaN	NaN	NaN
4.2695	NaN	NaN	NaN	NaN	NaN	NaN	NaN	NaN	NaN	NaN	NaN	NaN	NaN	NaN	NaN	NaN	NaN	NaN	NaN	NaN	NaN	NaN	NaN	NaN	NaN	NaN	NaN	NaN
4.4029	NaN	NaN	NaN	NaN	NaN	NaN	NaN	NaN	NaN	NaN	NaN	NaN	NaN	NaN	NaN	NaN	NaN	NaN	NaN	NaN	NaN	NaN	NaN	NaN	NaN	NaN	NaN	NaN
4.5363	NaN	NaN	NaN	NaN	NaN	NaN	NaN	NaN	NaN	NaN	NaN	NaN	NaN	NaN	NaN	NaN	NaN	NaN	NaN	NaN	NaN	NaN	NaN	NaN	NaN	NaN	NaN	NaN
4.6698	NaN	NaN	NaN	NaN	NaN	NaN	NaN	NaN	NaN	NaN	NaN	NaN	NaN	NaN	NaN	NaN	NaN	NaN	NaN	NaN	NaN	NaN	NaN	NaN	NaN	NaN	NaN	NaN
4.8032	NaN	NaN	NaN	NaN	NaN	NaN	NaN	NaN	NaN	NaN	NaN	NaN	NaN	NaN	NaN	NaN	NaN	NaN	NaN	NaN	NaN	NaN	NaN	NaN	NaN	NaN	NaN	NaN
4.9366	NaN	NaN	NaN	NaN	NaN	NaN	NaN	NaN	NaN	NaN	NaN	NaN	NaN	NaN	NaN	NaN	NaN	NaN	NaN	NaN	NaN	NaN	NaN	NaN	NaN	NaN	NaN	NaN
5.07	NaN	NaN	NaN	NaN	NaN	NaN	NaN	NaN	NaN	NaN	NaN	NaN	NaN	NaN	NaN	NaN	NaN	NaN	NaN	NaN	NaN	NaN	NaN	NaN	NaN	NaN	NaN	NaN
5.2035	NaN	NaN	NaN	NaN	NaN	NaN	NaN	NaN	NaN	NaN	NaN	NaN	NaN	NaN	NaN	NaN	NaN	NaN	NaN	NaN	NaN	NaN	NaN	NaN	NaN	NaN	NaN	NaN
