x	Y_20181208_15692b_1_2g	Y_20181208_15692b_1_5g	Y_20181208_15692b_10_1g	Y_20181208_15692b_11_10g	Y_20181208_15692b_11_22g	Y_20181208_15692b_11_24g	Y_20181208_15692b_12_17g	Y_20181208_15692b_12_2g	Y_20181208_15692b_12_6g	Y_20181208_15692b_12_7g	Y_20181208_15692b_12_9g	Y_20181208_15692b_14_3g	Y_20181208_15692b_15_3g	Y_20181208_15692b_15_4g	Y_20181208_15692b_16_10g	Y_20181208_15692b_16_2g	Y_20181208_15692b_16_9g	Y_20181208_15692b_17_1g	Y_20181208_15692b_2_3g	Y_20181208_15692b_2_4g	Y_20181208_15692b_2_5g	Y_20181208_15692b_3_1g	Y_20181208_15692b_3_2g	Y_20181208_15692b_3_7g	Y_20181208_15692b_7_3g	Y_20181208_15692b_8_8g
0	11333.249	10856.2793	15081.4756	12843.3936	12878.4492	12073.168	11381.5889	12725.7822	12497.2197	12068.7148	14491.2061	10286.8564	11680.3926	9091.2256	11216.0195	11484.2051	12954.2676	11497.582	13860.7959	12989.2559	11283.5166	12041.2373	13727.4873	12378.4658	13060.7598	9776.8799
0.1334	12442.9102	11294.2666	17310.1035	12730.9395	15201.1025	12660.1104	13078.4121	12573.1543	11466.1387	11982.6611	14121.4922	11301.9307	11708.3984	9628.7412	10585.3457	11478.6533	12946.4307	11356.7461	13793.793	14924.8711	11815.8379	11930.0908	15465.7568	11950.9619	14595.8369	11341.7402
0.2668	14552.8076	12469.4443	17733.2051	14636.9678	18220.3379	15497.2275	15681.3408	12825.6895	12176.9326	13383.5605	15367.8496	12740.208	12164.3291	10607.4336	11400.2148	12060.4023	13276.1641	11525.8379	14621.374	17316.3906	12930.8486	11808.2852	16274.7881	12492.5273	15301.6699	13737.3105
0.4003	20828.668	14129.249	15499.1279	16535.6289	16662.9512	19601.4883	16481.9863	14442.7822	12870.5918	16887.1426	15977.417	13990.6064	12763.6553	11356.251	11646.167	14547.7422	15266.8779	11749.5938	16190.0117	17556.9199	16817.8926	12801.6475	14878.9707	14295.8936	14678.7246	15571.0723
0.5337	26268.9648	14843.5771	14587.7588	19483.8281	13465.2783	20218.9375	15363.0908	14398.3818	12256.1963	19222.4727	19569.3105	18520.7695	14105.2881	14782.71	14575.8984	15292.7031	17511.2246	13749.7529	21339.002	15652.2178	19584.4082	13988.1211	13599.2363	16059.0801	13617.8926	15445.9258
0.6671	24366.4082	14070.6133	13735.5898	17302.918	12047.0254	15586.332	13888.7402	13401.3154	12807.5283	17870.082	21095.0781	20708.6875	16877.5215	18468.1738	16865.5117	14906.9238	17284.1504	15875.2744	21744.2441	14481.6543	19726.1328	13937.7168	12322.3984	17626.9473	14203.1484	14423.2422
0.8005	19932.5352	13449.5332	13733.5283	15173.2344	12485.2715	13607.7148	13751.4297	12776.4258	13907.4238	15307.2793	19492.0078	23041.6797	19755.8027	18373.293	19160.1348	13633.0576	15257.9619	16712.8105	21041.793	15045.3145	16620.5352	13160.0332	12231.1084	18338.7207	13045.5654	13417.1875
0.934	18177.1914	12909.6904	13682.8154	14442.5391	12281.5674	13907.5381	14034.8506	12676.0459	14813.6426	15262.5039	16432.5371	22145.707	19907.3633	15763.3281	17763.5684	13207.8242	15016.9023	15160.4209	18830.6523	15034.3945	14452.6357	13324.5498	12263.4834	17110.2266	12858.626	12822.2793
1.0674	15798.8604	13560.7451	12492.5215	14209.4775	11720.7227	14091.9551	13124.0244	12266.2158	17136.0742	15289.0283	14221.3516	19246.4043	16911.5957	14766.8457	15456.8955	12452.0059	14456.9814	13441.3262	17655.4062	13402.4473	14297.7031	14057.7842	11507.5244	16224.7002	12964.9121	12474.7334
1.2008	14745.9531	13939.3184	11462.3105	14438.5088	11463.6914	15001.8125	12450.0625	12250.3877	16720.0469	14854.457	12565.2969	16757.5938	15723.6104	13752.7988	14998.1895	12482.9023	15340.8232	13139.0518	16812.1113	13130.292	14182.6211	14773.4658	11635.791	16458.373	12424.626	12428.1641
1.3342	15211.4189	13313.3477	11099.9395	14063.2021	11631.1094	17340.1758	12483.0889	12188	16303.3096	14320.2822	12415.4746	14810.6943	15253.2129	12941.1689	14415.5664	13333.3828	15868.9316	13724.3604	16647.1738	12493.748	14087.4395	14494.7236	11681.0713	16781.7852	12906.8633	12102.8164
1.4676	15123.415	12008.7305	11214.8604	13309.2793	11283.8564	16545.3691	12630.1133	12295.0029	15423.6182	13053.3467	11852.0049	13652.3955	13949.0371	12973.4736	14585.6074	13657.748	13904.125	14011.3184	14222.6123	11958.418	14167.3467	13168.1211	11605.2334	15646.7705	12107.5107	12153.5127
1.6011	13390.4043	11369.5977	11521.3037	13493.2695	11184.7119	14878.0088	12818.293	12582.7969	14460.4629	12187.4971	11521.749	13159.377	12935.6064	12229.1152	13867.5146	12586.8789	12752.1553	13701.4902	13239.1055	12845.3438	12851.9355	12546.3486	12086.6396	15618.1816	12184.7539	11561.2383
1.7345	13518.9297	11100.6035	11107.8369	13324.7852	10570.0605	14259.5596	12353.9131	12393.832	14107.6836	12706.0137	11632.1738	12819.8965	12200.4541	12726.7793	13445.9062	12600.0391	12626.3115	12910.2686	12916.9854	12677.9268	13050.5146	11926.2246	12062.6465	16204.0205	12246.8398	NaN
1.8679	13549.9248	11564.4971	11992.9443	12505.6211	10610.1865	12798.4199	12845.3428	12664.7402	14041.8213	12447.582	11473.4121	11859.3574	11694.207	12591.8477	13053.3662	12262.7529	12433.582	12388.3398	12752.0635	12609.3613	12509.0615	12115.6475	12355.791	17123.4004	NaN	NaN
2.0013	13472.6172	11404.1191	11438.7998	12266.4502	10895.1875	13465.335	NaN	12868.8213	12789.834	12687.6445	11973.6992	11007.708	12030.5918	12423.5361	12791.6631	12908.9277	12387.2393	12606.8652	12468.5635	NaN	12146.5205	11840.0361	12132.9287	15762.5547	NaN	NaN
2.1347	12997.4893	NaN	NaN	11720.8926	10679.0312	13747.9961	NaN	NaN	12074.3564	12974.7803	12725.4355	10254.1426	11714.8418	12840.9932	NaN	12986.3496	12252.3467	12578.3135	11962.8359	NaN	12531.9512	12088.0117	12013.5996	13056.4961	NaN	NaN
2.2682	NaN	NaN	NaN	12229.584	NaN	NaN	NaN	NaN	11621.9629	NaN	NaN	NaN	11434.0996	NaN	NaN	NaN	12109.3555	11986.9707	11625.7998	NaN	NaN	NaN	12358.9258	13103.0674	NaN	NaN
2.4016	NaN	NaN	NaN	12087.1602	NaN	NaN	NaN	NaN	11128.0781	NaN	NaN	NaN	11701.3203	NaN	NaN	NaN	11902.1055	11889.4385	12421.0732	NaN	NaN	NaN	NaN	11135.2002	NaN	NaN
2.535	NaN	NaN	NaN	NaN	NaN	NaN	NaN	NaN	10765.9365	NaN	NaN	NaN	11581.3066	NaN	NaN	NaN	NaN	11673.2275	12256.7334	NaN	NaN	NaN	NaN	NaN	NaN	NaN
2.6684	NaN	NaN	NaN	NaN	NaN	NaN	NaN	NaN	11191.2539	NaN	NaN	NaN	11429.2939	NaN	NaN	NaN	NaN	11959.3096	NaN	NaN	NaN	NaN	NaN	NaN	NaN	NaN
2.8019	NaN	NaN	NaN	NaN	NaN	NaN	NaN	NaN	11004.7334	NaN	NaN	NaN	NaN	NaN	NaN	NaN	NaN	12287.9834	NaN	NaN	NaN	NaN	NaN	NaN	NaN	NaN
2.9353	NaN	NaN	NaN	NaN	NaN	NaN	NaN	NaN	10579.3584	NaN	NaN	NaN	NaN	NaN	NaN	NaN	NaN	NaN	NaN	NaN	NaN	NaN	NaN	NaN	NaN	NaN
3.0687	NaN	NaN	NaN	NaN	NaN	NaN	NaN	NaN	NaN	NaN	NaN	NaN	NaN	NaN	NaN	NaN	NaN	NaN	NaN	NaN	NaN	NaN	NaN	NaN	NaN	NaN
3.2021	NaN	NaN	NaN	NaN	NaN	NaN	NaN	NaN	NaN	NaN	NaN	NaN	NaN	NaN	NaN	NaN	NaN	NaN	NaN	NaN	NaN	NaN	NaN	NaN	NaN	NaN
3.3355	NaN	NaN	NaN	NaN	NaN	NaN	NaN	NaN	NaN	NaN	NaN	NaN	NaN	NaN	NaN	NaN	NaN	NaN	NaN	NaN	NaN	NaN	NaN	NaN	NaN	NaN
3.469	NaN	NaN	NaN	NaN	NaN	NaN	NaN	NaN	NaN	NaN	NaN	NaN	NaN	NaN	NaN	NaN	NaN	NaN	NaN	NaN	NaN	NaN	NaN	NaN	NaN	NaN
3.6024	NaN	NaN	NaN	NaN	NaN	NaN	NaN	NaN	NaN	NaN	NaN	NaN	NaN	NaN	NaN	NaN	NaN	NaN	NaN	NaN	NaN	NaN	NaN	NaN	NaN	NaN
3.7358	NaN	NaN	NaN	NaN	NaN	NaN	NaN	NaN	NaN	NaN	NaN	NaN	NaN	NaN	NaN	NaN	NaN	NaN	NaN	NaN	NaN	NaN	NaN	NaN	NaN	NaN
3.8692	NaN	NaN	NaN	NaN	NaN	NaN	NaN	NaN	NaN	NaN	NaN	NaN	NaN	NaN	NaN	NaN	NaN	NaN	NaN	NaN	NaN	NaN	NaN	NaN	NaN	NaN
4.0027	NaN	NaN	NaN	NaN	NaN	NaN	NaN	NaN	NaN	NaN	NaN	NaN	NaN	NaN	NaN	NaN	NaN	NaN	NaN	NaN	NaN	NaN	NaN	NaN	NaN	NaN
4.1361	NaN	NaN	NaN	NaN	NaN	NaN	NaN	NaN	NaN	NaN	NaN	NaN	NaN	NaN	NaN	NaN	NaN	NaN	NaN	NaN	NaN	NaN	NaN	NaN	NaN	NaN
4.2695	NaN	NaN	NaN	NaN	NaN	NaN	NaN	NaN	NaN	NaN	NaN	NaN	NaN	NaN	NaN	NaN	NaN	NaN	NaN	NaN	NaN	NaN	NaN	NaN	NaN	NaN
