x	Y_20181208_15693b_10_2g	Y_20181208_15693b_10_4g	Y_20181208_15693b_11_5g	Y_20181208_15693b_13_16g	Y_20181208_15693b_2_16g	Y_20181208_15693b_3_14g	Y_20181208_15693b_3_17g	Y_20181208_15693b_3_3g	Y_20181208_15693b_3_4g	Y_20181208_15693b_3_7g	Y_20181208_15693b_3_8g	Y_20181208_15693b_4_10g	Y_20181208_15693b_4_3g	Y_20181208_15693b_4_4g	Y_20181208_15693b_5_11g	Y_20181208_15693b_5_18g	Y_20181208_15693b_5_19g	Y_20181208_15693b_5_9g	Y_20181208_15693b_7_11g	Y_20181208_15693b_7_15g	Y_20181208_15693b_7_5g	Y_20181208_15693b_7_6g	Y_20181208_15693b_8_16g	Y_20181208_15693b_8_22g	Y_20181208_15693b_8_5g	Y_20181208_15693b_9_14g
0	10665.1211	10714.9824	9973.7549	12407.0439	12066.6865	9825.0537	11368.7373	11517.002	10746.8379	12320.5439	9763.4258	12318.7324	10184.417	12051.3984	10190.8594	12149.5508	10327.5918	12051.4492	10387.1982	12088.0928	10592.6064	10446.8555	10315.877	9495.7871	11792.1807	11648.8057
0.1334	10577.6943	12022.9795	10702.3135	13519.1104	13380.2744	9519.3359	11853.2539	11882.3984	11196.1455	12405.7842	9712.0684	13133.4941	11583.3184	13279.9795	9937.5742	11985.4043	12024.8955	13355.2891	10519.2363	12053.9316	12717.9717	12057.6816	11017.1572	9281.3193	13115.0254	12274.2539
0.2668	12564.9863	15730.2119	11506.957	14690.8643	15218.0547	10731.3203	12824.0752	12648.6924	13438.4854	13362.0518	10689.9092	14961.9795	12844.9199	14652.7549	10173.3916	12874.3613	14339.7422	15295.1377	12330.9766	13518.2363	14987.3271	12963.7939	11194.4287	9633.4277	16584.4883	13059.6523
0.4003	15448.7139	19281.9453	12531.2158	15757.6982	16890.0039	12876.7939	14810.6074	14981.0938	15971.4229	15326.7158	11893.0508	18307.041	14680.9307	15159.7549	11167.1553	14724.6377	15589.0381	16109.8281	15714.3857	15427.9463	15865.4492	13631.7637	12118.9658	10649.9033	19050.2422	13494.875
0.5337	17769.4336	19185	12402.498	16512.2852	15673.4795	17077.3398	15925.8594	16867.6426	16715.3457	16598.5508	14175.7266	17531.875	16786.2949	13558.3643	12208.0547	15347.9043	15368.0088	15746.543	17689.8633	14246.6406	16174.4619	13948.4033	13253.8301	10962.998	18438.8887	14266.8125
0.6671	17498.6758	16731.5234	12407.8135	15829.752	14807.1807	18644.5117	16211.2959	16923.2227	14674.2969	17196.9375	16245.959	15381.0752	16582.0879	12807.4131	13273.8447	15527.2588	14999.6318	13949.5518	16913.959	14886.752	17214.6074	13543.2529	12697.9648	12408.7266	16530.5938	16355.3574
0.8005	17122.5059	15170.4199	12193.8252	15389.6094	13864.8154	15872.7529	16873.3887	17509.8516	13366.2236	15204.3564	16386.4844	14986.1035	19461.1055	11945.0586	13299.5723	15199.791	14033.3877	13459.2432	15577.4883	14572.915	17788.2051	14273.6875	11763.375	12835.6943	15035.0537	18283.25
0.934	15582.4717	14735.7412	12167.8037	14273.3184	12278.001	13942.5186	16417.918	17877.9922	12980.1865	14499.2891	16076.1104	15048.8662	18443.877	12483.3789	13526.2021	14916.7627	14220.2832	13563.9355	14468.627	14925.4941	17156.9062	15553.7842	11751.3057	12568.3086	13611.1357	18772.0664
1.0674	15488.8047	14656.6523	11884.248	13553.7715	14102.0566	13078.0605	16032.6387	16295.2646	12892.5479	15953.0508	14473.8799	15741.2559	18624.5215	12924.4102	13409.208	16461.5	14605.2607	12636.3496	15241.9258	15918.8203	14831.7354	14937.5879	11506.5107	12527.292	16111.0117	18236.9727
1.2008	15592.9893	14928.373	13075.9922	13243.5732	13149.8545	13182.3467	16319.6318	15370.0273	13340.5488	15805.2715	13836.1436	16348.6895	19654.8418	12110.8613	13261.2744	16472.1211	14748.665	12223.6934	15824.9727	15175.8965	14210.3633	13728.458	11075.8906	12457.8486	15084.0566	18375.002
1.3342	15847.7109	15218.8379	12703.4424	13558.8369	13934.9863	13645.6758	16713.209	15658.0586	14568.0215	15236.9814	13445.0117	15619.0068	17896.9082	11941.9287	12930.002	16790.7852	14702.3594	12608.4824	15293.5674	14990.5811	14994.2178	14186.1367	11673.3965	12740.9531	14107.3262	18534.6816
1.4676	15112.6416	15017.7109	12400.6045	13266.0371	13409.9893	13818.0742	15857.0674	15218.0586	15121.3857	15275.6035	13397.1006	15373.9678	18140.2402	12040.6982	12803.4414	16925.1777	14071.6387	12766.623	14739.3516	15137.5947	14292.0039	14962.1904	11739.3486	12594.0029	13643.9121	18108.2344
1.6011	15152.4951	14337.1973	11531.9463	14034.3887	13828.7432	14082.7959	15887.0352	14781.4697	15144.208	15975.7891	13349.1348	15203.623	17797.6797	12376.3115	12459.1123	16228.0225	13215.8213	12783.6533	15670.8486	14557.8857	13067.0996	15403.7578	11817.1328	12677.3545	14134.2617	17357.3418
1.7345	13578.3076	14112.1689	12706.5596	13297.0166	13379.7539	13696.3672	15805.9736	13721.4678	14879.7285	16922.8164	13043.1475	13630.5391	16455.0781	11784.9502	13016.0449	15423.999	13481.3428	12849.8203	16585.9609	13164.5938	13574.7979	15614.3096	11716.3662	12912.1133	13975.6045	16973.2871
1.8679	12247.2793	15184.5625	11645.873	12632.6045	13597.6494	13918.6426	15211.9551	13192.9492	14151.1104	16297.9434	12672.1357	13579.2676	15133.6934	12801.7979	12869.5059	14021.2881	13255.4473	13289.8809	18594.5723	12103.5518	13725.6758	15141.1279	11171.333	13384.1807	12482.6797	16957.5742
2.0013	12386.4375	14401.7734	11317.166	12181.0771	13057.3379	13751.9785	14482.459	13286.0908	12298.748	15279.6904	12710.625	12461.1396	13604.4932	12248.999	13678.0576	12798.8145	12396.834	13616.8047	17030.7129	12486.4688	14226.1279	14099.4209	11227.2061	13270.4922	12836.166	16407.1211
2.1347	11836.584	13380.3027	12027.5498	12578.5693	12567.7354	13775.3135	14118.4541	12584.9209	11886.5898	14324.3213	12819.4365	12650.8672	13547.3809	12521.1211	13151.6943	12308.4746	12387.9971	11910.1396	15002.3242	12094.042	13490.292	15073.2012	11049.4756	12777.2656	12574.3896	16050.6602
2.2682	12045.458	12585.9561	11548.458	13307.8154	12786.2861	13294.4268	15107.332	12519.4014	12303.0859	13847.0811	12083.5254	11928.5312	12938.8682	11988.3594	13068.3701	12504.71	11923.9531	11781.9697	15153.2695	11713.3584	14115.4424	15242.5684	11280.9102	11646.7227	12027.2051	15660.9639
2.4016	11966.6875	11587.499	11951.3271	13332.458	12955.2051	12881.3252	15098.2207	11951.6006	12269.4277	13212.8359	11834.082	11286.2275	12803.4521	12104.1035	13552.1152	13062.915	11504.5752	11632.0801	13213.5293	11597.6777	14410.042	15426.4941	10804.4863	12049.083	12203.7168	15598.8584
2.535	12440.1924	12187.7715	11854.1514	13363.3281	13045.4004	11621.4658	15239.1602	12009.1104	11559.2373	12770.2061	12716.7314	11604.4395	12071.4434	12367.8496	13003.8047	12883.1084	12274.6338	11293.6406	11587.2305	12217.8271	13504.6689	14801.2461	11644.9727	11310.2686	NaN	15928.2715
2.6684	12934.2266	12176.2285	11579.7217	12214.3037	NaN	11450.8037	14034.4258	12241.5596	12428.5449	12214.1553	13008.2207	11667.0107	12792.4258	12130.0254	12249.209	NaN	12197.9883	11385.7188	11748.4629	11342.542	13557.0039	13201.9453	11618.7178	11149.1035	NaN	15558.9307
2.8019	NaN	NaN	11497.209	11374.2959	NaN	12012.249	11709.7832	12448.8945	13389.8018	12171.9219	13262.2666	11258.5205	12864.2227	NaN	11620.0596	NaN	11803.5439	10387.3984	11849.3398	11906.291	12171.8242	13115.1807	11160.8311	11238.0117	NaN	14243.9473
2.9353	NaN	NaN	10851.3447	10650.5977	NaN	10665.5488	10869.9424	NaN	NaN	11864.4561	13055.9531	NaN	12769.9775	NaN	10994.5498	NaN	11801.5977	10917.0293	11150.667	NaN	12461.9355	12730.4395	NaN	10671.8096	NaN	13285.376
3.0687	NaN	NaN	NaN	NaN	NaN	NaN	10891.4697	NaN	NaN	NaN	12939.7793	NaN	NaN	NaN	10800.166	NaN	NaN	NaN	11326.4736	NaN	11910.5752	13441.4238	NaN	10829.9561	NaN	11790.9492
3.2021	NaN	NaN	NaN	NaN	NaN	NaN	11113.749	NaN	NaN	NaN	12972.5684	NaN	NaN	NaN	10404.3291	NaN	NaN	NaN	NaN	NaN	12070.8535	12305.1484	NaN	10797.5205	NaN	11411.4863
3.3355	NaN	NaN	NaN	NaN	NaN	NaN	11207.5273	NaN	NaN	NaN	NaN	NaN	NaN	NaN	10731.2041	NaN	NaN	NaN	NaN	NaN	11474.5801	12096.3525	NaN	NaN	NaN	10465.958
3.469	NaN	NaN	NaN	NaN	NaN	NaN	11137.0771	NaN	NaN	NaN	NaN	NaN	NaN	NaN	NaN	NaN	NaN	NaN	NaN	NaN	NaN	NaN	NaN	NaN	NaN	10159.2861
3.6024	NaN	NaN	NaN	NaN	NaN	NaN	11182.5029	NaN	NaN	NaN	NaN	NaN	NaN	NaN	NaN	NaN	NaN	NaN	NaN	NaN	NaN	NaN	NaN	NaN	NaN	NaN
3.7358	NaN	NaN	NaN	NaN	NaN	NaN	NaN	NaN	NaN	NaN	NaN	NaN	NaN	NaN	NaN	NaN	NaN	NaN	NaN	NaN	NaN	NaN	NaN	NaN	NaN	NaN
3.8692	NaN	NaN	NaN	NaN	NaN	NaN	NaN	NaN	NaN	NaN	NaN	NaN	NaN	NaN	NaN	NaN	NaN	NaN	NaN	NaN	NaN	NaN	NaN	NaN	NaN	NaN
4.0027	NaN	NaN	NaN	NaN	NaN	NaN	NaN	NaN	NaN	NaN	NaN	NaN	NaN	NaN	NaN	NaN	NaN	NaN	NaN	NaN	NaN	NaN	NaN	NaN	NaN	NaN
4.1361	NaN	NaN	NaN	NaN	NaN	NaN	NaN	NaN	NaN	NaN	NaN	NaN	NaN	NaN	NaN	NaN	NaN	NaN	NaN	NaN	NaN	NaN	NaN	NaN	NaN	NaN
4.2695	NaN	NaN	NaN	NaN	NaN	NaN	NaN	NaN	NaN	NaN	NaN	NaN	NaN	NaN	NaN	NaN	NaN	NaN	NaN	NaN	NaN	NaN	NaN	NaN	NaN	NaN
4.4029	NaN	NaN	NaN	NaN	NaN	NaN	NaN	NaN	NaN	NaN	NaN	NaN	NaN	NaN	NaN	NaN	NaN	NaN	NaN	NaN	NaN	NaN	NaN	NaN	NaN	NaN
4.5363	NaN	NaN	NaN	NaN	NaN	NaN	NaN	NaN	NaN	NaN	NaN	NaN	NaN	NaN	NaN	NaN	NaN	NaN	NaN	NaN	NaN	NaN	NaN	NaN	NaN	NaN
4.6698	NaN	NaN	NaN	NaN	NaN	NaN	NaN	NaN	NaN	NaN	NaN	NaN	NaN	NaN	NaN	NaN	NaN	NaN	NaN	NaN	NaN	NaN	NaN	NaN	NaN	NaN
4.8032	NaN	NaN	NaN	NaN	NaN	NaN	NaN	NaN	NaN	NaN	NaN	NaN	NaN	NaN	NaN	NaN	NaN	NaN	NaN	NaN	NaN	NaN	NaN	NaN	NaN	NaN
4.9366	NaN	NaN	NaN	NaN	NaN	NaN	NaN	NaN	NaN	NaN	NaN	NaN	NaN	NaN	NaN	NaN	NaN	NaN	NaN	NaN	NaN	NaN	NaN	NaN	NaN	NaN
5.07	NaN	NaN	NaN	NaN	NaN	NaN	NaN	NaN	NaN	NaN	NaN	NaN	NaN	NaN	NaN	NaN	NaN	NaN	NaN	NaN	NaN	NaN	NaN	NaN	NaN	NaN
5.2035	NaN	NaN	NaN	NaN	NaN	NaN	NaN	NaN	NaN	NaN	NaN	NaN	NaN	NaN	NaN	NaN	NaN	NaN	NaN	NaN	NaN	NaN	NaN	NaN	NaN	NaN
