x	Y_20181208_15694_1_5g	Y_20181208_15694_10_2g	Y_20181208_15694_10_7g	Y_20181208_15694_12_11g	Y_20181208_15694_13_15g	Y_20181208_15694_14_8g	Y_20181208_15694_15_7g	Y_20181208_15694_17_2g	Y_20181208_15694_17_3g	Y_20181208_15694_17_4g	Y_20181208_15694_21_3g	Y_20181208_15694_22_4g	Y_20181208_15694_22_9g	Y_20181208_15694_23_11g	Y_20181208_15694_24_1g	Y_20181208_15694_25_1g	Y_20181208_15694_25_3g	Y_20181208_15694_25_4g	Y_20181208_15694_26_23g	Y_20181208_15694_26_8g	Y_20181208_15694_28_4g	Y_20181208_15694_29_3g	Y_20181208_15694_29_5g	Y_20181208_15694_3_16g	Y_20181208_15694_30_5g	Y_20181208_15694_5_1g	Y_20181208_15694_5_21g	Y_20181208_15694_6_1g	Y_20181208_15694_7_11g	Y_20181208_15694_7_16g	Y_20181208_15694_8_10g	Y_20181208_15694_9_12g	Y_20181208_15694_9_20g	Y_20181208_15694_9_3g
0	13419.165	9171.6904	13532.5361	10824.2012	9581.1348	10519.0947	10839.6572	9731.7695	9650.8711	10611.3037	9497.4824	11458.1631	10965.8447	12140.4199	11904.9072	9521.3887	9961.5215	13134.6611	10153.71	10092.459	13482.3994	9832.873	9829.6826	9922.8428	10358.2627	10854.0986	8954.8506	13531.0215	11308.7148	10049.7773	14114.0439	9681.5479	13106.876	10362.3193
0.1334	15188.5068	9474.1475	13485.8066	10817.2227	10876.0664	11331.0322	12488.8975	9387.0957	9901.1992	11221.1396	9266.8428	12098.8613	10353.9658	14145.2314	11596.3223	9838.7861	10259.5557	13232.7432	11699.6113	10807.7646	16329.6865	10561.5518	10198.5186	10127.9561	11059.832	11295.9395	8832.5654	15532.4785	11980.3301	10523.1289	16634.9316	9907.9648	15010.8115	10178.4326
0.2668	16368.915	9884.5605	13604.0049	11997.9805	12357.1611	13583.3613	14908.3125	9831.2744	10470.0391	12529.9033	10458.0957	12994.6777	11250.9414	15497.3945	11876.7188	9990.9834	11930.7383	14792.4248	14809.9922	11369.8184	18412.8516	12522.6885	10799.5488	10636.1016	12839.54	11600.0156	9627.5039	17402.8047	15098.0059	11454.002	16814.4805	10266.3643	17808.959	10878.0615
0.4003	15270.0811	10468.875	15599.9102	12998.2969	14002.9678	14873.1885	17181.3457	10692.3457	10494.25	13974.8291	11123.1191	14114.9619	12347.1328	16169.1367	12359.6328	10850.335	13544.8887	16281.3906	18623.332	12953.8711	17550.6641	14466.0498	11504.6953	11945.292	15738.6934	11913.123	10365.1973	17345.0938	18464.332	13289.0361	15515.2012	12002.0996	19425.7695	13553.251
0.5337	15052.7021	13231.5049	16587.7012	13415.3818	14470.3584	16705.3516	17853.8691	12091.9775	11283.0332	14093.7471	13511.084	13276.5098	13675.1523	16013.9932	12680.9238	11905.5918	15903.8506	16394.5898	19291.1348	13476.0801	16278.2041	15292.1504	13078.4336	13258.1328	17805.4922	12794.5166	11226.1533	16402.5176	19234.8516	15821.5713	15092.8506	14195.9795	18319.75	16339.832
0.6671	14328.6494	15187.0469	16764.3984	13351.2158	14600.6719	16368.6016	16335.25	14781.7324	13391.9385	13303.4912	17434.5195	13238.6533	15040.6191	15884.2783	13805.0361	13658.0664	17770.0273	15076.5244	17223.4219	12835.8525	15315.9033	14965.3652	15190.7949	14073.8018	17504.3984	14578.8613	12051.1025	15076.415	17621.2891	15457.5371	15045.6631	17674.2227	16752.666	16623.582
0.8005	13546.4102	14785.71	14971.8066	13659.7031	14713.9785	15821.627	15537.2695	16067.2959	14283.3311	13124.1396	18619.7754	13097.4834	14193.0986	15709.251	14334.085	14377.9355	17276.4902	14724.1885	15601.0859	12846.0244	15296.4951	14342.2158	15249.4346	14026.4189	16739.8809	16454.4062	13918.4014	15581.0146	16746.5117	14178.5039	15643.9561	19107.1621	16922.3809	15074.6143
0.934	13784.2959	14070.6387	13950.2207	14463.1699	14540.4316	16106.6709	13900.9912	17509.375	14229.6582	13584.415	16829.8086	13483.7705	12743.9277	15191.5547	14265	14353.1855	16830.6855	14236.582	15736.2021	13113.5146	15308.416	14399.915	15132.4736	13602.3877	16075.7939	16297.9004	14173.4873	15031.0518	15335.8682	14493.7529	15602.6748	18122.4883	16894.8496	15559.6533
1.0674	14146.4443	14209.3535	13524.6484	14098.7529	16740.6016	15011.166	14017.9736	17570.6055	14950.1094	13780.7822	15175.2764	12667.4805	12714.7012	14533.7188	14184.9746	13159.9414	16888.3535	13655.2686	16256.6133	12787.4072	14703.6172	15361.9395	14628.6699	13041.7295	16336.6055	15186.8838	14537.8467	14609.7402	15124.3301	14541.3574	17258.5059	17097.1152	17867.4199	16105.665
1.2008	14190.5293	14890.251	14060.3125	12734.3936	16231.4502	15097.1543	13917.7646	16760.0137	14568.4912	13900.9775	14799.8467	13097.4434	12519.8389	14031.1143	14189.4561	13414.3506	16699.7402	14349.7939	16205.9971	12873.335	15406.2363	13645.4072	14449.0117	13363.1074	16758.8301	14193.3594	13375.3057	14260.9023	14967.9863	14574.4375	16519.4844	17142.3633	17196.3848	14601.0381
1.3342	13132.7559	14840.582	14713.8398	12272.2266	15508.0195	15652.793	13909.8096	16774.4609	14093.6445	13683.1738	14031.6807	13070.1553	12716.1152	14037.8408	13731.6621	14210.3174	18033.1426	13464.4395	16316.6035	13293.3828	14943.416	14588.6475	13910.8672	13286.8691	15890.1895	14107.0986	12832.5674	13425.4619	14870.0898	15179.2354	16647.2227	16811.8906	17175.7656	14494.0449
1.4676	13390.1318	14853.8564	14693.5225	12507.3594	14481.0615	16124.0137	13614.9346	17364.4141	13707.3574	14273.5459	13783.7695	12830.9961	13023.9082	13883.4102	13701.1006	13251.9766	17311.8145	13076.8184	15384.876	13421.3242	15308.4092	15185.8672	14298.9951	13721.79	15718.8135	13716.833	13381.1406	13134.9697	15639.0215	15129.3271	16589.3613	15698.4102	17181.8672	13450.3838
1.6011	13107.1758	14535.666	14044.9131	12284.2314	14197.7832	16283.6484	13521.0068	16460.7207	15266.8584	15001.2441	13983.3105	13752.7139	13153.8623	13217.7959	13978.2402	13842.9736	17903.6172	13393.4648	15863.0498	13244.9902	15345.2881	14389.3311	13159.8076	13666.9395	14787.3848	12832.1436	13675.7051	12875.5889	16161.6904	15187.0908	16258.2744	15671.7568	17584.627	13419.6846
1.7345	13693.502	14658.9326	14523.2217	12073.792	14023.3359	15928.8213	13144.7119	15911.2754	14124.5869	13509.9404	13644.4873	13484.1514	14417.1699	12536.0039	14194.9561	13450.3867	18837.6328	13745.0957	15144.3525	12971.2949	16098.8799	14405.3691	12958.1416	13763.7373	14967.8652	12454.5947	12885.9395	13399.6992	16640.0156	14350.3174	15746.1943	16709.8672	19191.9746	12989.9287
1.8679	13729.6416	14885.1094	14863.6631	11277.2637	14597.9414	16685.1543	13312.917	16355.6963	13566.1758	12929.8721	13757.9424	14177.1924	14298.4404	12538.4268	14410.8486	13583.541	19184.418	13153.0176	14118.6572	13169.5957	17579.3398	14602.833	12851.4844	14612.543	14984.0664	12249.4648	12960.168	13332.3682	15054.0127	14846.7324	15359.7207	16202.1758	20082.834	13956.8301
2.0013	13750.748	15276.5723	15156.3613	11175.4453	15321.4873	15647.085	12506.2686	16436.7539	13924.8145	12977.9648	14048.4453	14345.6982	14190.4834	13627.2578	13482.0322	14183.6045	18026.6875	12741.5186	14022.1514	12413.4326	17214.8398	15215.1768	12351.043	15865.21	14371.374	11981.999	12734.585	13773.2646	14222.3945	14671.2314	15787.4639	15018.1455	20330.5	14340.7744
2.1347	14747.8027	14251.2178	15544.0146	11421.5361	15905.6201	15186.0938	13119.8857	16726.123	13528.4473	13910.7637	13282.7656	14668.7148	14129.3086	14374.2158	13375.9844	14051.8936	17872.6172	13014.1895	13944.877	12600.3428	16078.873	15680.6924	13202.6006	17612.127	13980.627	13296.7158	12919.2314	12704.1934	13168.3018	15137.1074	14784.8975	15778.1836	19351.1934	14766.0303
2.2682	15331.4326	12961.4297	16258.1475	11330.5137	16271.6885	14394.0352	11936.6152	17934.1914	13661.9199	13248.8584	14443.9414	12664.5029	13363.6836	14039.7266	13523.0908	14766.7188	17155.6309	12796.8477	13992.6914	11943.7705	14635.75	15426.4922	13252.4932	18629.7051	14131.2422	12823.2158	13511.9873	13186.9307	13225.8408	14724.7607	14396.3369	15211.5742	17396.8242	15595.2891
2.4016	13561.5098	13022.291	16214.8389	11499.4102	16540.5996	14093.335	11746.9209	17217.5078	13742.8799	12795.3379	12469.3311	12577.8086	13460.4795	13829.2188	13097.8564	15517.2295	15609.4316	13131.0195	13316.8037	11826.5596	14118.8076	14024.4883	13007.5615	16838.8086	13546.0947	13390.874	12845.958	13816.0156	13135.7549	12945.9922	13666.1084	13800.6006	15803.7061	14310.8184
2.535	12262.2051	12870.335	16153.6562	10922.4746	15834.8262	13495.123	11343.0127	16405.4297	13967.8467	12755.7051	13000.8799	13034.2969	13971.8916	12335.9941	12620.3584	14781.4258	14745.4219	13352.2861	12945.6992	11758.0449	13827.3838	14757.8896	12656.3525	15268.4033	12638.0039	13310.9951	12426.416	13440.9346	12250.3652	12494.6133	14040.9873	13496.7979	13946.0322	13773.3643
2.6684	11597.1133	12050.7812	15342.1006	11060.7959	13959.7949	13373.0293	12006.623	15142.5596	13045.1846	11943.3262	12883.543	12593.8848	13764.21	12025.5439	13399.3994	15003.4854	13917.2363	13607.4111	12697.374	12118.626	13799.9189	14196.4883	12241.626	14208.6602	12767.0371	13095.3027	11703.2646	12500.8428	11803.3242	11939.2939	13743.7969	12268.6592	12849.6934	14445.1406
2.8019	12093.9707	11717.8398	14419.124	11282.0342	14464.9941	13338.9746	11040.6426	14382.709	13301.4746	12363.4893	12000.4756	12211.4365	15010.5303	12165.4229	12461.2803	14204.915	12562.7158	13465.5225	12417.6113	12090.8008	13245.207	12942.5879	11559.1582	13267.2334	12653.6553	13072.707	11453.1777	12466.0615	11728.042	11901.4268	13662.2041	11453.25	11910.9258	14194.292
2.9353	12320.208	11359.0293	13817.4697	10747.1768	13463.4922	14238.6143	11409.0371	13703.5039	13072.3955	11267.333	11877.8564	11836.8145	16963.6777	11869.3652	11831.5127	13558.8799	11810.6074	13645.6719	11921.4141	11844.9268	13735.1064	12305.2217	10850.1484	13065.6074	12476.1436	11769.9424	11130.9795	11388.9482	11345.7832	12264.2148	12721.7939	11484.209	11450.1895	14124.3037
3.0687	12194.626	10611.2246	13481.4688	10665.8389	12927.4346	13469.0059	NaN	13533.7275	13329.9697	11106.708	12749.8164	11807.9131	19251.9883	12162.8721	11738.8838	12345.6719	11848.5234	13937.2324	11089.499	11887.8428	13953.8672	12010.6865	10492.1748	11047.8994	12638.877	11943.4492	11661.085	11011.71	11426.1396	11586.5771	12988.0566	11389.1582	11198.0342	13185.8896
3.2021	NaN	10447.748	13376.5469	10697.4375	12592.7109	12719.4326	NaN	12748.4102	13161.7295	11493.2461	12193.1396	11254.8652	16563.0176	11911.4023	11522.9902	12520.1768	11522.8057	13072.1631	10203.7148	NaN	15421.6523	11965.9688	10075.3145	10722.3066	12508.6328	11939.7148	11053.7314	10595.9658	11567.1455	11907.7109	13281.2578	11048.1309	10853.8018	12654.7949
3.3355	NaN	10332.9736	13573.8662	10534.1992	12033.2168	NaN	NaN	12359.2402	12844.2412	NaN	11815.3965	11405.8945	13765.7129	11887.79	11272.29	12052.3896	11343.4473	NaN	10327.3408	NaN	15057.8926	11503.4814	10080.7363	10310.1523	12097.1953	12081.4795	10910.999	10207.4375	NaN	NaN	NaN	10639.2197	10571.8213	12195.3896
3.469	NaN	NaN	NaN	8329.5146	12386.5029	NaN	NaN	12313.4375	13090.4268	NaN	11538.6133	11570.5547	12054.4424	12027.127	11134.7285	NaN	NaN	NaN	10608.1133	NaN	14529.4326	11402.041	10017.1748	10024.9434	NaN	11533.0352	10695.0645	10155.4443	NaN	NaN	NaN	10670.5254	NaN	11599.5869
3.6024	NaN	NaN	NaN	NaN	12430.6162	NaN	NaN	11646.8086	13565.999	NaN	10861.3643	11399.6533	11207.8105	NaN	11392.6172	NaN	NaN	NaN	NaN	NaN	NaN	NaN	NaN	9383.3721	NaN	10986.5586	10618.2217	9574.4814	NaN	NaN	NaN	10744.874	NaN	11044.4004
3.7358	NaN	NaN	NaN	NaN	12922.4863	NaN	NaN	11467.4951	12982.7432	NaN	NaN	NaN	10980.9453	NaN	NaN	NaN	NaN	NaN	NaN	NaN	NaN	NaN	NaN	9217.7129	NaN	10308.0078	10922.1533	NaN	NaN	NaN	NaN	11380.5098	NaN	NaN
3.8692	NaN	NaN	NaN	NaN	NaN	NaN	NaN	11571.6963	12254.375	NaN	NaN	NaN	11549.7412	NaN	NaN	NaN	NaN	NaN	NaN	NaN	NaN	NaN	NaN	NaN	NaN	10230.6748	10947.6309	NaN	NaN	NaN	NaN	11500.0303	NaN	NaN
4.0027	NaN	NaN	NaN	NaN	NaN	NaN	NaN	NaN	NaN	NaN	NaN	NaN	NaN	NaN	NaN	NaN	NaN	NaN	NaN	NaN	NaN	NaN	NaN	NaN	NaN	NaN	NaN	NaN	NaN	NaN	NaN	NaN	NaN	NaN
4.1361	NaN	NaN	NaN	NaN	NaN	NaN	NaN	NaN	NaN	NaN	NaN	NaN	NaN	NaN	NaN	NaN	NaN	NaN	NaN	NaN	NaN	NaN	NaN	NaN	NaN	NaN	NaN	NaN	NaN	NaN	NaN	NaN	NaN	NaN
4.2695	NaN	NaN	NaN	NaN	NaN	NaN	NaN	NaN	NaN	NaN	NaN	NaN	NaN	NaN	NaN	NaN	NaN	NaN	NaN	NaN	NaN	NaN	NaN	NaN	NaN	NaN	NaN	NaN	NaN	NaN	NaN	NaN	NaN	NaN
4.4029	NaN	NaN	NaN	NaN	NaN	NaN	NaN	NaN	NaN	NaN	NaN	NaN	NaN	NaN	NaN	NaN	NaN	NaN	NaN	NaN	NaN	NaN	NaN	NaN	NaN	NaN	NaN	NaN	NaN	NaN	NaN	NaN	NaN	NaN
4.5363	NaN	NaN	NaN	NaN	NaN	NaN	NaN	NaN	NaN	NaN	NaN	NaN	NaN	NaN	NaN	NaN	NaN	NaN	NaN	NaN	NaN	NaN	NaN	NaN	NaN	NaN	NaN	NaN	NaN	NaN	NaN	NaN	NaN	NaN
4.6698	NaN	NaN	NaN	NaN	NaN	NaN	NaN	NaN	NaN	NaN	NaN	NaN	NaN	NaN	NaN	NaN	NaN	NaN	NaN	NaN	NaN	NaN	NaN	NaN	NaN	NaN	NaN	NaN	NaN	NaN	NaN	NaN	NaN	NaN
4.8032	NaN	NaN	NaN	NaN	NaN	NaN	NaN	NaN	NaN	NaN	NaN	NaN	NaN	NaN	NaN	NaN	NaN	NaN	NaN	NaN	NaN	NaN	NaN	NaN	NaN	NaN	NaN	NaN	NaN	NaN	NaN	NaN	NaN	NaN
4.9366	NaN	NaN	NaN	NaN	NaN	NaN	NaN	NaN	NaN	NaN	NaN	NaN	NaN	NaN	NaN	NaN	NaN	NaN	NaN	NaN	NaN	NaN	NaN	NaN	NaN	NaN	NaN	NaN	NaN	NaN	NaN	NaN	NaN	NaN
5.07	NaN	NaN	NaN	NaN	NaN	NaN	NaN	NaN	NaN	NaN	NaN	NaN	NaN	NaN	NaN	NaN	NaN	NaN	NaN	NaN	NaN	NaN	NaN	NaN	NaN	NaN	NaN	NaN	NaN	NaN	NaN	NaN	NaN	NaN
