x	Y_20181208_15794_1_10g	Y_20181208_15794_1_2g	Y_20181208_15794_10_10g	Y_20181208_15794_12_14g	Y_20181208_15794_12_5g	Y_20181208_15794_12_7g	Y_20181208_15794_13_11g	Y_20181208_15794_13_6g	Y_20181208_15794_14_1g	Y_20181208_15794_16_2g	Y_20181208_15794_16_5g	Y_20181208_15794_16_7g	Y_20181208_15794_17_1g	Y_20181208_15794_19_10g	Y_20181208_15794_19_12g	Y_20181208_15794_19_1g	Y_20181208_15794_19_9g	Y_20181208_15794_2_9g	Y_20181208_15794_21_6g	Y_20181208_15794_22_1g	Y_20181208_15794_23_4g	Y_20181208_15794_23_8g	Y_20181208_15794_24_14g	Y_20181208_15794_25_2g	Y_20181208_15794_26_12g	Y_20181208_15794_26_1g	Y_20181208_15794_26_3g	Y_20181208_15794_27_8g	Y_20181208_15794_28_1g	Y_20181208_15794_28_2g	Y_20181208_15794_3_10g	Y_20181208_15794_3_12g	Y_20181208_15794_3_14g	Y_20181208_15794_3_9g	Y_20181208_15794_4_6g	Y_20181208_15794_4_9g	Y_20181208_15794_5_8g	Y_20181208_15794_6_11g	Y_20181208_15794_6_15g	Y_20181208_15794_6_19g	Y_20181208_15794_6_5g	Y_20181208_15794_7_8g	Y_20181208_15794_7_9g	Y_20181208_15794_8_12g	Y_20181208_15794_8_1g	Y_20181208_15794_8_7g	Y_20181208_15794_8_9g	Y_20181208_15794_9_7g
0	29724.8105	27849.3477	31000.7227	30682.2246	27604.2988	28008.5508	29263.6367	32804.5352	30128.373	26368.3535	29724.6543	27882.5312	29649.3164	31483.5039	30261.832	29395.0332	32469.2812	30706.3535	30002.9785	26231.3379	30701.3516	25900.793	30016.5234	24679.3262	27772.8027	28893.3984	28305.4707	29949.5566	25651.8066	32470.0957	32921.2305	28563.9961	27812.127	30082.1172	29468.1113	30324.5059	33370.6289	28212.7031	29679.3281	33104.1367	29655.041	30332.7324	30031.002	29249.0742	31910.7871	29111.1953	31842.9395	30004.4199
0.1334	31334.7148	29982.7109	29690.8555	31477.8652	28900.9395	26912.6895	28678.3789	31572.6504	30221.7773	26435.9277	30958.4141	27399.7754	28979.8965	30852.6738	30857.916	30039.0918	31863.8867	30787.8242	29671.002	27027.5195	29379.1484	26225.5488	29632.2891	25904.3555	28145.748	29920.0898	28384.0371	29213.0977	26129.9102	32300.1875	33204.2422	27603.0215	27730.9707	30997.7012	30970.6387	31454.2031	34334.3047	27991.5879	31730.418	33270.2305	31120.3906	30774.209	29732.8926	30223.2812	32226.1934	30351.2598	32092.4492	29768.3496
0.2668	30942.0859	29534.3125	29323.4512	30299.7891	28102.0039	26195.6719	27780.0703	32871.8984	29674.9082	26622.3457	30854.1289	28386.4492	29491.627	30185.2383	31562.9902	30942.0391	32982.9805	30950.3945	29831.2754	26829.5684	30399.3379	24619.0938	29586.9238	26334.75	27142.8809	30732.6641	26752.5664	29133.0645	25409.1113	32909.9727	33282.8867	28471.9258	27688.7559	31936.2266	31319.6953	31847.5527	34332.1445	27154.3359	31831.1289	34117.2656	30662.7715	30660.8066	29717.543	30327.3242	33381.293	30810.166	32358.6387	29868.3164
0.4003	29278.5098	30338.2285	29184.0332	29940.2363	28483.166	26620.3164	29515.8086	31825.8848	28942.498	27898.3965	30886.0645	29161.3711	29736.1562	30384.9297	30589.0957	29319.9219	33170.2305	29394.4238	30406.5039	26709.5117	30680.3613	24838.4922	29609.4199	25978.002	27834.5098	29124.2383	27231.7051	29208.8438	25563.2285	32554.8184	33052.5469	30364.7539	27838.5039	30053.4609	30195.5605	30985.5273	33649.0781	28474.6855	29615.416	33562.9219	29622.9316	31239.3711	30623.3652	31019.3711	32177.8477	31371.6543	32237.0527	29592.5742
0.5337	29436.1777	29509.7402	28525.1816	30838.8047	29696.0742	27043.8809	29961.1387	33416.5078	30402.3379	26849.2422	29486.707	27875.5664	30588.7656	28844.9062	30793.7559	30490.4062	32075.0215	29962.7559	31474.8633	26307.8418	30666.8105	24003.6719	30085.5586	26366.2363	26873.707	28610.3555	27350.2344	28482.0996	25994.5352	32268.0723	32254.709	30133.3223	28796.7969	31834.6582	29858.3047	32493.5	34781.918	27723.4004	31813.584	33762.3867	32187.5703	30648.7793	31160.9375	31745.375	33601.7031	29259.0273	32847.6289	28705.8516
0.6671	29311.582	29574.3008	28454.207	32107.2871	31013.1484	28192.0605	29645.1211	30499.6348	30169.6641	26718.5508	31235.75	30238.6074	30123.8828	29929.1348	31721.2051	29963.373	34657.5312	30756.7539	29989.002	27586.1719	31085.6816	24591.7871	31728.709	26214.6074	28654.2402	29629.7559	27390.7656	27957.7676	27007.4883	33398.9219	33445.668	30242.9102	29269.8496	32459.2012	29816.5039	32134.1895	33258.7148	28252.2891	32300.0938	32220.6699	33055.4219	32864.5312	29844.166	33765.5547	33378.6367	31013.1406	32801.0742	30347.0352
0.8005	29391.0664	30170.4082	29772.1035	31919.8457	29775.7207	28166.4727	29382.7734	32839.8828	31130.9004	27934.9336	30952.5234	29915.6641	30075.916	29935.5781	31549.4355	31911.0547	32738.7383	29560.1582	30549.9922	27807.4375	29944.375	26953.793	32071.4062	27052.4219	27612.9531	29704.4219	28182.2266	29285.0938	27715.8672	33350.1914	33657.3633	30382.6797	29426.9844	33361.6367	31894.541	32514.8105	34823.707	28690.0371	32202.209	33622.7188	34429.4805	31338.4199	30803.8438	32890.125	32487.0449	31539.5254	32425.1934	30226.5
0.934	30984.9375	29033.4141	28900.1191	32953.8008	29558.8164	26723.8867	29938.1348	32497.7598	30715.2715	28004.375	30912.6016	30937.9141	29822.6523	30072.5918	31688.3438	30378.9707	33492.582	29351.9766	30207.373	27601.1738	30161.25	25693.1445	32575.9746	27098.1367	27746.4277	30006.0684	29284.7188	28747.3926	28069.5938	32478.2344	33334.8203	29454.5684	29298.9434	33188.8438	34111.2578	34546.2578	34483.4766	28513.707	33008.3633	32117.9961	35252.6523	31472.3555	30606.2129	32276.8301	33115.5391	31368.2598	33336.4492	31509.0293
1.0674	31767.6797	29743.8906	29197.3984	36471.0156	30755.7285	27346.6777	29049.0371	32298.6738	30704.584	28255.6152	29252.8027	28818.6465	30447.6387	28924.625	32529.6523	31375.5488	32801.3828	30474.3418	31607.2656	27795.1094	33345.8438	25983.5117	33862.9258	28052.2129	28979.0176	30324.4922	27704.5586	27260.6289	28094.5156	33730.9805	32076.0723	30981.0566	28367.7656	32008.6895	31872.1816	34503.6797	34642.2578	28659.1895	34666.9414	32966.1211	35810.043	32082.9805	30987.6543	32813.4844	35358.6367	32336.6816	31788.3965	31264.748
1.2008	30917.6328	30766.9727	28435.7285	37625.1172	32201.043	28105.6113	29395.2773	32833.2422	29746.9043	27594.2871	30613.9648	30293.6699	31269.375	30563.8086	35510.6992	31735.6895	32743.4473	30564.2617	31663.3789	28259.8047	31837.2148	27352.5195	32903.4336	30015.4199	28308.2227	32496.6484	29176.7441	28328.5566	27048.3027	34270.3828	32808.3906	29946.2734	29378.3945	30338.084	32585.8105	35805.2188	34999.6719	28245.0449	33391.6875	33936.5742	34716.5508	31581.3242	30849.7539	33414.4141	35620.1484	31861.332	31906.2461	32642.584
1.3342	31191.1777	30583.4512	29295.0957	43586.1211	35183.2539	29455.207	29347.3008	33752.8555	30685.3203	29242.3711	30619.0684	31174.9023	30285.5918	30858.5156	42335.3867	31903.5215	32374.6699	31810.1738	31124.8535	27972.7305	31334.5605	27741.8613	31665.1094	33420.2734	27795.5645	36784.1758	28860.1484	28808.7383	27885.3477	36566.6094	34582.5938	30347.6621	30962.1816	30894.373	33305.9531	34013.6055	34246.3906	29375.3203	35497.1758	35508.0742	38396.8359	31883.3301	32370.9004	35071.9375	37572.2617	34047.8125	33683.9883	33163.3359
1.4676	31827.0117	30337.166	29420.8047	47708.3398	43708.5078	27872.9609	30297.9629	33841.168	30885.791	27050.6465	30982.8867	30994.582	30598.7168	33204.7734	61285.7031	34219.3711	33468.8516	34641.6406	33710.5977	28950.3789	32384.2715	28328.1641	32617.0781	46918.7461	28762.1387	44656.9922	28620.7754	28482.1133	28810.5664	41580.0312	35152.5898	30740.1895	31025.1367	31990.8047	33557.3398	36419.8008	34053.293	27902.4512	40069.3477	37866.1992	42738.7617	31964.2871	32547.8281	35654.6055	38641.5195	37240.2461	34065.4062	33763.0312
1.6011	32886.4922	30701.5762	30931.9297	42780.543	60516.5312	29940.4434	31178.6738	38224.6055	31290.084	27845.291	32325.8125	31638.5898	30391.75	38605.2109	89922.7656	34134.3242	34568.5508	42779.375	35044.5547	28181.8047	33581.0039	33020.2344	34280.5586	72347.1875	28165.9902	55291.7148	32375.5254	27554.6035	29824.5449	56605.2734	35134.8438	32376.5059	34547.2969	33838.168	38427.1367	44337.8164	35656.3555	27611.8223	46543.2734	40764.9414	50920.4727	31508.3242	35233.4492	40795.4023	42232.6914	45228.8906	31706.502	35326.0469
1.7345	36009.1641	33052.9609	34934.5273	37018.5859	68673.0156	33647.6641	31886.6602	47787.8008	32672.2871	28851.6602	35457.1641	37625.8047	31928.7656	43939.1992	92367.7031	34817.3789	34435.2305	45138.2383	42204.0508	31121.416	38212.3828	38943.7344	34870.75	82930.1328	27178.0273	53703.1797	35295.4766	28729.2812	34596.9375	90392.0234	36279.6094	35431.0078	44358.2344	34650.957	44678.957	63979.1914	39689.4062	28557.3477	60406.8008	52193.3672	75324.5938	33561.6719	37119.1641	51147.3438	52084.6445	52811.3242	33650.0312	33614.793
1.8679	42614.2578	36578.8008	41278.7617	34698.5234	52620.8008	39912.4453	31869.0977	59628	38997.8867	32098.0957	41108.7461	41426.1055	33236.5703	41484.6797	66603.6641	38488.9492	35074.1602	40941.1289	51393.9141	34840	44774.2969	42912.3086	38809.5195	67395.9375	29855.7891	39562.8281	48665.2578	29736.3672	44190.0625	106256.9531	41370.9805	39916.4844	55663.957	37877.6406	54408.8203	86658.5781	53294.8555	28997.8047	72042.9219	69373.8984	101329.9922	38789.0039	43842.0312	72305.1562	64063.7227	50667.6797	34834.082	34890.7539
2.0013	49279.4531	41185.8516	46934.6836	32509.7969	39060.9844	45476.3516	32204.3672	55580.9766	50792.8945	38278.3906	50758.1602	42982.207	33495.2422	36711.4492	54958.9453	43942.9453	38950.7188	34772.9219	49823.5703	44908.3984	58895.1641	38768.7734	47374.9531	45498.0703	31134.5039	33425.7031	70149.4766	36881.6055	59014.7578	87766.0391	52681.0547	52764.1797	55157.0039	45656.707	55579.8633	89461.875	72471.4297	29742.3066	61150.1133	72485.4141	90197.5312	54684.9219	48114.6016	81553.6328	58522.9336	39371.0391	37565.1836	36346.6172
2.1347	44530.7891	47038.0664	42512.0039	32571.2832	34191.5898	43915.125	34642.6641	43891.6328	72437.8125	44336.0625	59928.1133	37921.6094	38399.5078	31277.0293	NaN	45953.0977	46068.9648	32839.9062	40814.168	53407.9766	68053.0312	32231.4531	63377.3359	38027.9648	34771.7461	34005.8008	91379.7734	43996.8008	67379.1875	58327.6172	64484.8555	64924.1055	42202.3086	61279.1133	43710.8594	64455.3594	70800.6016	31409.0645	43425.2188	53508.8359	61170.4766	76067.2578	43256.5273	66318.2344	44059.8438	35259.6836	43685.582	40471.2773
2.2682	36205.6797	43038.6406	35102.3398	31721.4844	32658.4766	34130.9531	40110.5508	37592.5078	70109.1797	41382.0117	51694	31843.4902	48914.5742	29404.1055	NaN	40688.8398	56843.7148	32498.6367	35073.7695	55688.4062	56790.8008	27265.9863	83285.1562	NaN	41793.3555	35518.3594	75227.1875	44486.8984	52385.4922	42636.3242	62844.3594	59315.418	37549.2812	72771.2031	38198.9922	47250.0469	54586.6562	34853.4961	35511.875	42754.6992	43461.3828	77226.8203	37797.6016	48845.5625	35290.2969	36408.9336	50543.7773	46450.9531
2.4016	34480.2031	38844.2695	31893.6406	NaN	NaN	30630.0879	52282.5586	33553.7031	50220.1758	34725.1641	39562.2578	31091.3457	57138.5117	30234.5098	NaN	35985.7461	58885.6953	NaN	31893.3223	43880.7812	43658.6836	26686.7363	71904.2734	NaN	44865.4375	NaN	48645.2969	36944.5664	37658.2617	35220.5117	48252.1797	43198.0938	35716.4883	62173.9102	33147.9805	40829.5625	39234.3711	46459.8203	33941.1602	36593.0156	37736.9336	58083.5391	33612.1094	40381.9453	33235.9219	35757.3281	48285.4766	44262.2812
2.535	32761.2129	33040.4727	29105.2949	NaN	NaN	27990.3789	53770.7344	33582.7227	38655.7812	34158.3438	34218.3906	30901.0527	50610.0156	28940.3887	NaN	37940.7383	48207.7461	NaN	31291.9062	35864.8828	35746.8633	26557.0879	49505.875	NaN	36276.6055	NaN	38889.6914	31081.4766	31244.0137	33800.2773	40350.9922	34642.1875	NaN	46272.6172	32098.8457	36757.8906	35475.2344	66860.1016	35403.1602	34891.4531	36019.7266	43935.5625	32191.7422	36646.5938	NaN	NaN	39815.5391	38867.5742
2.6684	NaN	31918.5293	28987.707	NaN	NaN	28339.8496	42572.8438	35261.8555	33608.1172	NaN	32638.0508	30345.8496	42303.6758	NaN	NaN	46188.625	39148.5312	NaN	30466.9922	32327.1914	34338.125	NaN	39718.3164	NaN	31193.8789	NaN	32440.5898	30155.8008	29480.4531	35117.3086	36392.4883	31541.8574	NaN	37512.8125	NaN	38284.6172	35304.0234	70072.2188	36265.8984	NaN	NaN	36595.3789	32334.6641	34675.4844	NaN	NaN	33892.9336	33315.4336
2.8019	NaN	32479.1855	NaN	NaN	NaN	28739.3809	36974.2109	NaN	31636.7285	NaN	32256.4102	NaN	39301.8438	NaN	NaN	59868.9844	35822.8711	NaN	NaN	31222.5801	32188.918	NaN	33758.6953	NaN	30712.2871	NaN	28946.0918	28043.1387	28548.4453	NaN	34699.1797	28987.1797	NaN	33713.4727	NaN	35907.1289	33712.5	55534.6641	NaN	NaN	NaN	35173.3984	NaN	34647.4922	NaN	NaN	31473.4316	32538.5293
2.9353	NaN	NaN	NaN	NaN	NaN	NaN	32987.9766	NaN	NaN	NaN	NaN	NaN	NaN	NaN	NaN	NaN	NaN	NaN	NaN	32388.959	29856.8379	NaN	35564.5273	NaN	29738.7793	NaN	29189.9395	NaN	NaN	NaN	33813.75	NaN	NaN	32077.7715	NaN	NaN	NaN	39607.082	NaN	NaN	NaN	33612.1836	NaN	NaN	NaN	NaN	31721.7207	31957.9902
3.0687	NaN	NaN	NaN	NaN	NaN	NaN	35017.0234	NaN	NaN	NaN	NaN	NaN	NaN	NaN	NaN	NaN	NaN	NaN	NaN	32238.4414	NaN	NaN	36969.3594	NaN	29487.1621	NaN	NaN	NaN	NaN	NaN	32607.5488	NaN	NaN	31963.2051	NaN	NaN	NaN	30961.0195	NaN	NaN	NaN	NaN	NaN	NaN	NaN	NaN	31223.623	32521.2676
3.2021	NaN	NaN	NaN	NaN	NaN	NaN	NaN	NaN	NaN	NaN	NaN	NaN	NaN	NaN	NaN	NaN	NaN	NaN	NaN	NaN	NaN	NaN	NaN	NaN	NaN	NaN	NaN	NaN	NaN	NaN	NaN	NaN	NaN	NaN	NaN	NaN	NaN	28486.3125	NaN	NaN	NaN	NaN	NaN	NaN	NaN	NaN	NaN	NaN
3.3355	NaN	NaN	NaN	NaN	NaN	NaN	NaN	NaN	NaN	NaN	NaN	NaN	NaN	NaN	NaN	NaN	NaN	NaN	NaN	NaN	NaN	NaN	NaN	NaN	NaN	NaN	NaN	NaN	NaN	NaN	NaN	NaN	NaN	NaN	NaN	NaN	NaN	26726.5449	NaN	NaN	NaN	NaN	NaN	NaN	NaN	NaN	NaN	NaN
3.469	NaN	NaN	NaN	NaN	NaN	NaN	NaN	NaN	NaN	NaN	NaN	NaN	NaN	NaN	NaN	NaN	NaN	NaN	NaN	NaN	NaN	NaN	NaN	NaN	NaN	NaN	NaN	NaN	NaN	NaN	NaN	NaN	NaN	NaN	NaN	NaN	NaN	26166.9688	NaN	NaN	NaN	NaN	NaN	NaN	NaN	NaN	NaN	NaN
3.6024	NaN	NaN	NaN	NaN	NaN	NaN	NaN	NaN	NaN	NaN	NaN	NaN	NaN	NaN	NaN	NaN	NaN	NaN	NaN	NaN	NaN	NaN	NaN	NaN	NaN	NaN	NaN	NaN	NaN	NaN	NaN	NaN	NaN	NaN	NaN	NaN	NaN	NaN	NaN	NaN	NaN	NaN	NaN	NaN	NaN	NaN	NaN	NaN
3.7358	NaN	NaN	NaN	NaN	NaN	NaN	NaN	NaN	NaN	NaN	NaN	NaN	NaN	NaN	NaN	NaN	NaN	NaN	NaN	NaN	NaN	NaN	NaN	NaN	NaN	NaN	NaN	NaN	NaN	NaN	NaN	NaN	NaN	NaN	NaN	NaN	NaN	NaN	NaN	NaN	NaN	NaN	NaN	NaN	NaN	NaN	NaN	NaN
3.8692	NaN	NaN	NaN	NaN	NaN	NaN	NaN	NaN	NaN	NaN	NaN	NaN	NaN	NaN	NaN	NaN	NaN	NaN	NaN	NaN	NaN	NaN	NaN	NaN	NaN	NaN	NaN	NaN	NaN	NaN	NaN	NaN	NaN	NaN	NaN	NaN	NaN	NaN	NaN	NaN	NaN	NaN	NaN	NaN	NaN	NaN	NaN	NaN
4.0027	NaN	NaN	NaN	NaN	NaN	NaN	NaN	NaN	NaN	NaN	NaN	NaN	NaN	NaN	NaN	NaN	NaN	NaN	NaN	NaN	NaN	NaN	NaN	NaN	NaN	NaN	NaN	NaN	NaN	NaN	NaN	NaN	NaN	NaN	NaN	NaN	NaN	NaN	NaN	NaN	NaN	NaN	NaN	NaN	NaN	NaN	NaN	NaN
4.1361	NaN	NaN	NaN	NaN	NaN	NaN	NaN	NaN	NaN	NaN	NaN	NaN	NaN	NaN	NaN	NaN	NaN	NaN	NaN	NaN	NaN	NaN	NaN	NaN	NaN	NaN	NaN	NaN	NaN	NaN	NaN	NaN	NaN	NaN	NaN	NaN	NaN	NaN	NaN	NaN	NaN	NaN	NaN	NaN	NaN	NaN	NaN	NaN
4.2695	NaN	NaN	NaN	NaN	NaN	NaN	NaN	NaN	NaN	NaN	NaN	NaN	NaN	NaN	NaN	NaN	NaN	NaN	NaN	NaN	NaN	NaN	NaN	NaN	NaN	NaN	NaN	NaN	NaN	NaN	NaN	NaN	NaN	NaN	NaN	NaN	NaN	NaN	NaN	NaN	NaN	NaN	NaN	NaN	NaN	NaN	NaN	NaN
4.4029	NaN	NaN	NaN	NaN	NaN	NaN	NaN	NaN	NaN	NaN	NaN	NaN	NaN	NaN	NaN	NaN	NaN	NaN	NaN	NaN	NaN	NaN	NaN	NaN	NaN	NaN	NaN	NaN	NaN	NaN	NaN	NaN	NaN	NaN	NaN	NaN	NaN	NaN	NaN	NaN	NaN	NaN	NaN	NaN	NaN	NaN	NaN	NaN
4.5363	NaN	NaN	NaN	NaN	NaN	NaN	NaN	NaN	NaN	NaN	NaN	NaN	NaN	NaN	NaN	NaN	NaN	NaN	NaN	NaN	NaN	NaN	NaN	NaN	NaN	NaN	NaN	NaN	NaN	NaN	NaN	NaN	NaN	NaN	NaN	NaN	NaN	NaN	NaN	NaN	NaN	NaN	NaN	NaN	NaN	NaN	NaN	NaN
4.6698	NaN	NaN	NaN	NaN	NaN	NaN	NaN	NaN	NaN	NaN	NaN	NaN	NaN	NaN	NaN	NaN	NaN	NaN	NaN	NaN	NaN	NaN	NaN	NaN	NaN	NaN	NaN	NaN	NaN	NaN	NaN	NaN	NaN	NaN	NaN	NaN	NaN	NaN	NaN	NaN	NaN	NaN	NaN	NaN	NaN	NaN	NaN	NaN
4.8032	NaN	NaN	NaN	NaN	NaN	NaN	NaN	NaN	NaN	NaN	NaN	NaN	NaN	NaN	NaN	NaN	NaN	NaN	NaN	NaN	NaN	NaN	NaN	NaN	NaN	NaN	NaN	NaN	NaN	NaN	NaN	NaN	NaN	NaN	NaN	NaN	NaN	NaN	NaN	NaN	NaN	NaN	NaN	NaN	NaN	NaN	NaN	NaN
4.9366	NaN	NaN	NaN	NaN	NaN	NaN	NaN	NaN	NaN	NaN	NaN	NaN	NaN	NaN	NaN	NaN	NaN	NaN	NaN	NaN	NaN	NaN	NaN	NaN	NaN	NaN	NaN	NaN	NaN	NaN	NaN	NaN	NaN	NaN	NaN	NaN	NaN	NaN	NaN	NaN	NaN	NaN	NaN	NaN	NaN	NaN	NaN	NaN
5.07	NaN	NaN	NaN	NaN	NaN	NaN	NaN	NaN	NaN	NaN	NaN	NaN	NaN	NaN	NaN	NaN	NaN	NaN	NaN	NaN	NaN	NaN	NaN	NaN	NaN	NaN	NaN	NaN	NaN	NaN	NaN	NaN	NaN	NaN	NaN	NaN	NaN	NaN	NaN	NaN	NaN	NaN	NaN	NaN	NaN	NaN	NaN	NaN
