x	Y_20181208_15694_1_18g	Y_20181208_15694_1_1g	Y_20181208_15694_1_20g	Y_20181208_15694_1_21g	Y_20181208_15694_12_3g	Y_20181208_15694_12_9g	Y_20181208_15694_14_2g	Y_20181208_15694_14_7g	Y_20181208_15694_15_1g	Y_20181208_15694_15_3g	Y_20181208_15694_15_6g	Y_20181208_15694_20_7g	Y_20181208_15694_21_11g	Y_20181208_15694_21_8g	Y_20181208_15694_23_14g	Y_20181208_15694_24_8g	Y_20181208_15694_25_5g	Y_20181208_15694_26_14g	Y_20181208_15694_26_1g	Y_20181208_15694_27_10g	Y_20181208_15694_27_7g	Y_20181208_15694_5_17g	Y_20181208_15694_5_8g	Y_20181208_15694_6_8g	Y_20181208_15694_7_17g	Y_20181208_15694_8_12g	Y_20181208_15694_8_1g	Y_20181208_15694_9_5g	Y_20181208_15694_9_9g	Y_20181208_15694b_1_6g	Y_20181208_15694b_6_6g
0	14630.3125	11913.4717	11366.7939	11908.3916	11460.8281	11751.3633	12491.0273	11971.2354	10548.2441	9514.0137	12642.4521	11413.0098	11563.9473	12581.0742	12692.6836	12404.623	13959.4805	11127.0811	11087.127	14700.79	11384.3975	10769.0479	11828.6768	10014.5361	14109.375	10885.5459	15307.5586	9882.5791	12017.1445	11464.6504	12409.2539
0.1334	18287.1504	13165.1973	11300.5381	13140.8232	11938.4512	12912.2881	12553.0234	12510.7842	10081.8848	10247.5645	12339.5215	11657.5605	12581.4346	14682.7041	13880.8262	12751.8096	14500.4727	11860.1221	11612.7734	14723.7588	11244.2354	10952.4805	11488.7588	10693.5645	14198.7217	10626.2305	16391.5332	11374.3193	12517.25	12487.2021	13514.7363
0.2668	19205.6445	14418.0957	12865.3799	14444.5029	12931.7305	15863.7695	12746.4639	12531.0449	10804.5273	11300.3779	12242.792	11824.9551	13906.2227	17163.2285	15678.4775	14069.9492	16853.3711	13274.041	12511.2295	17698.6855	11200.6279	11033.3906	11925.7549	11186.9033	15922.0273	11841.6182	20273.4102	14089.6797	14775.6055	15426.5732	16742.7461
0.4003	17767.6211	16996.1406	15185.6143	13856.6182	14828.8369	17784.8965	13054.8037	14020.2607	11779.0527	11984.2764	12961.7158	12889.8975	13381.2041	16007.2617	18412.9824	15321.6797	18995.748	13034.7119	13304.2363	21750.3711	11893.543	11628.8428	11832.9277	12118.4805	19705.7715	11928.9648	20744.2188	15713.7061	15514.3389	18500.584	15749.2725
0.5337	15756.8984	16229.1553	17296.6504	13103.1895	17133.3516	17349.5918	14512.627	13651.0684	13203.6211	14860.3545	15514.7129	14600.4668	13080.5605	14873.6963	17403.0742	15825.2764	17848.6914	13296.9863	15811.2441	22707.0137	13137.1064	13456.459	13155.0693	13639.9766	24488.6055	13928.79	16384.0449	14234.7266	13503.5752	18139.9434	16219.249
0.6671	14642.918	14508.9707	16151.8643	12241.5596	17373.9336	16081.9355	16237.3369	14506.7158	15628.8926	17966.4961	18660.877	16633.3086	13395.2646	13438.8359	15136.8555	14194.6826	15205.2607	13839.1113	15657.2773	19022.502	13116.4189	14717.9756	15247.4023	14823.1562	21980.9062	14558.6279	14290.001	13951.7354	12524.3193	18041.0918	17519.959
0.8005	13849.3877	14571.1104	14163.5264	12124.5381	16159.209	16255.2607	16858.9961	15138.8574	16231.3359	20075.8809	17815.0332	15132.3428	12876.1357	13248.1582	14187.4209	13838.3574	14942.3486	13879.4014	14748.874	16455.9844	12041.6426	13992.29	18385.5176	14802.7686	19342.2031	14416.4717	13429.1768	13140.374	12882.5322	16174.4375	15957.3711
0.934	13622.4287	15188.21	12413.584	12609.0654	13261.957	15271.5449	15125.333	17523.4062	15357.667	17101.2559	18134.5527	13111.4209	13056.6934	13240.7275	13959.6641	13281.9629	14518.249	13829.6943	13433.8828	14813.6475	12213.6465	14307.1113	19146.9863	14123.6172	17124.0625	14215.9844	12698.5615	13557.1846	13295.8086	15417.0615	15446.207
1.0674	13725.4121	13966.1367	12074.6592	12660.4424	11869.9971	15274.2578	13191.374	18904.0703	14563.2461	14686.498	18072.4414	11551.6104	12482.96	14039.7383	15086.6309	13197.6982	14282.6035	13865.4023	13036.9717	14387.2656	12871.3672	13989.4424	16806.8066	15042.46	15730.3359	14237.0977	13423.3887	13269.9863	13599.334	15147.9824	14985.0283
1.2008	13334.7373	13980.9912	12193.0713	12333.8398	10818.459	14822.6055	12941.0508	16672.4648	13565.998	13599.752	17466.9062	11756.7412	12870.2803	13826.3936	15185.3037	12106.9277	14889.5117	14186.8398	12718.208	13770.6602	13526.4932	13328.7617	16022.3965	15053.0703	15256.0811	14700.6621	14680.4336	12858.0801	14561.6689	14808.9951	13533.0391
1.3342	13916.3838	14337.958	12548.752	12188.9072	10400.5723	13107.3506	12854.6387	14036.6963	12779.8506	13225.5781	15633.7793	11530.3184	11671.5801	13320.166	14461.1426	12162.7402	15541.7031	14916.2559	12610.2588	13260.5479	14975.6582	12884.4492	14500.7568	14834.1055	15632.5332	13997.9805	15506.3457	12274.7305	15504.6201	13646.8008	12181.1787
1.4676	12517.4512	13376.4863	11852.4287	11362.1484	10364.7422	12928.0293	14346.7344	13936.835	12925.3037	12979.0205	13773.7773	12294.1436	11800.6934	13276.1914	14440.9268	11960.0283	16814.7422	16350.0742	13023.3994	12836.0215	13963.1934	12605.1836	13867.1934	15244.6719	14920.9492	12907.6592	14807.7002	12831.29	14346.0986	13620.5371	11858.5527
1.6011	11882.4736	12780.0205	11506.1826	11746.9385	10511.8926	12853.1055	13618.2607	13211.5488	12893.7861	12140.7324	13183.6836	12183.1514	12070.748	13026.3506	14222.7197	11797.8643	15626.2471	17407.9316	12620.3975	12994.8369	13121.9209	12199.0264	13097.4141	15545.5361	14008.3018	12548.2178	13933.7979	12574.5146	12819.2529	12869.3115	11343.2627
1.7345	12159.6846	12981.4453	12565.8135	11898.1016	10442.873	12108.5146	13188.8887	12099.9297	12188.4551	11012.3467	12430.3926	11718.877	11638.0957	12794.876	13294.2549	11769.3291	13412.1064	16213.9346	12272.1553	12756.4355	12931.5107	11671.1162	13442.9043	16129.0352	13318.3018	13483.9189	13292.6045	11980.6143	12013.376	12601.3174	12247.8877
1.8679	11658.8984	12562.5186	12990.0781	11495.4785	10530.5029	12734.8955	12719.5312	11678.2578	11696.3477	10720.71	11743.3145	10898.3457	11274.4111	12285.248	12657.6289	11893.999	12492.3262	16519.5957	11788.2324	11859.3066	12642.9658	11024.499	13461.5957	15539.9277	14013.9053	13127.8408	13276.4863	11219.9688	12693.4785	12024.585	11555.043
2.0013	11547.3584	12679.0303	13975.4756	12251.6689	10700.3291	12164.4902	12814.0215	11611.9756	11055.0693	10866.8184	12548.2314	11448.2842	12041.1865	12398.1279	12439.1924	11924.2598	12290.8994	17572.3633	11446.9658	12351.5967	12178.8359	11328.9502	13507.5371	13535.2373	14176.6436	11940.7197	13081.2559	11452.9473	12590.5771	12037.2705	NaN
2.1347	NaN	13485.9756	NaN	12415.9258	10448.2822	12091.8828	13013.6738	11521.4805	11556.8486	10121.6885	12352.9102	11186.3486	11364.7373	NaN	13082.7686	12175.9082	12363.0342	17559.8477	11630.1006	12415.5293	11513.8623	11511.0918	14075.3027	12171.9092	13422.6104	12084.7754	13829.6182	11802.8945	12620.3242	11690.8818	NaN
2.2682	NaN	13481.5957	NaN	NaN	10388.3789	12395.0332	12457.9238	10896.8271	11481.417	10423.4561	12447.1191	10866.8691	NaN	NaN	13182.3545	11097.207	12405.5791	16051.2061	11422.0156	12453.0771	11549.4238	11702.3301	14344.2109	11121.1299	13324.459	12031.5459	14847.9736	NaN	NaN	11884.0645	NaN
2.4016	NaN	NaN	NaN	NaN	10485.2109	11765.6348	13218.7256	10797.4102	11303.2598	10645.3721	13213.9082	10967.9727	NaN	NaN	NaN	11410.2861	12860.6172	14567.2861	11210.8838	12329.2344	11363.2168	NaN	13994.7197	10411.4189	13498.5049	11892.5137	NaN	NaN	NaN	NaN	NaN
2.535	NaN	NaN	NaN	NaN	11272.2939	NaN	NaN	10973.4805	12006.7559	11608.8262	12244.54	11228.7646	NaN	NaN	NaN	NaN	NaN	14187.3545	11160.0156	12577.8936	11340.5156	NaN	13696.7354	9988.8711	13504.9082	NaN	NaN	NaN	NaN	NaN	NaN
2.6684	NaN	NaN	NaN	NaN	11019.8691	NaN	NaN	11395.1172	11717.2822	11347.2031	NaN	11286.4463	NaN	NaN	NaN	NaN	NaN	12636.9375	NaN	12312.0264	NaN	NaN	NaN	9717.6289	NaN	NaN	NaN	NaN	NaN	NaN	NaN
2.8019	NaN	NaN	NaN	NaN	11154.752	NaN	NaN	11363.2188	NaN	11614.5986	NaN	NaN	NaN	NaN	NaN	NaN	NaN	12402.333	NaN	NaN	NaN	NaN	NaN	9822.7666	NaN	NaN	NaN	NaN	NaN	NaN	NaN
2.9353	NaN	NaN	NaN	NaN	NaN	NaN	NaN	11310.2607	NaN	NaN	NaN	NaN	NaN	NaN	NaN	NaN	NaN	12690.2871	NaN	NaN	NaN	NaN	NaN	NaN	NaN	NaN	NaN	NaN	NaN	NaN	NaN
3.0687	NaN	NaN	NaN	NaN	NaN	NaN	NaN	11707.3945	NaN	NaN	NaN	NaN	NaN	NaN	NaN	NaN	NaN	12003.9775	NaN	NaN	NaN	NaN	NaN	NaN	NaN	NaN	NaN	NaN	NaN	NaN	NaN
3.2021	NaN	NaN	NaN	NaN	NaN	NaN	NaN	11460.166	NaN	NaN	NaN	NaN	NaN	NaN	NaN	NaN	NaN	12813.3643	NaN	NaN	NaN	NaN	NaN	NaN	NaN	NaN	NaN	NaN	NaN	NaN	NaN
3.3355	NaN	NaN	NaN	NaN	NaN	NaN	NaN	11253.9512	NaN	NaN	NaN	NaN	NaN	NaN	NaN	NaN	NaN	12893.2178	NaN	NaN	NaN	NaN	NaN	NaN	NaN	NaN	NaN	NaN	NaN	NaN	NaN
3.469	NaN	NaN	NaN	NaN	NaN	NaN	NaN	12306.6123	NaN	NaN	NaN	NaN	NaN	NaN	NaN	NaN	NaN	12211.6143	NaN	NaN	NaN	NaN	NaN	NaN	NaN	NaN	NaN	NaN	NaN	NaN	NaN
3.6024	NaN	NaN	NaN	NaN	NaN	NaN	NaN	11491.1445	NaN	NaN	NaN	NaN	NaN	NaN	NaN	NaN	NaN	11955.1611	NaN	NaN	NaN	NaN	NaN	NaN	NaN	NaN	NaN	NaN	NaN	NaN	NaN
3.7358	NaN	NaN	NaN	NaN	NaN	NaN	NaN	NaN	NaN	NaN	NaN	NaN	NaN	NaN	NaN	NaN	NaN	12077.8975	NaN	NaN	NaN	NaN	NaN	NaN	NaN	NaN	NaN	NaN	NaN	NaN	NaN
3.8692	NaN	NaN	NaN	NaN	NaN	NaN	NaN	NaN	NaN	NaN	NaN	NaN	NaN	NaN	NaN	NaN	NaN	12462.4893	NaN	NaN	NaN	NaN	NaN	NaN	NaN	NaN	NaN	NaN	NaN	NaN	NaN
4.0027	NaN	NaN	NaN	NaN	NaN	NaN	NaN	NaN	NaN	NaN	NaN	NaN	NaN	NaN	NaN	NaN	NaN	NaN	NaN	NaN	NaN	NaN	NaN	NaN	NaN	NaN	NaN	NaN	NaN	NaN	NaN
4.1361	NaN	NaN	NaN	NaN	NaN	NaN	NaN	NaN	NaN	NaN	NaN	NaN	NaN	NaN	NaN	NaN	NaN	NaN	NaN	NaN	NaN	NaN	NaN	NaN	NaN	NaN	NaN	NaN	NaN	NaN	NaN
4.2695	NaN	NaN	NaN	NaN	NaN	NaN	NaN	NaN	NaN	NaN	NaN	NaN	NaN	NaN	NaN	NaN	NaN	NaN	NaN	NaN	NaN	NaN	NaN	NaN	NaN	NaN	NaN	NaN	NaN	NaN	NaN
4.4029	NaN	NaN	NaN	NaN	NaN	NaN	NaN	NaN	NaN	NaN	NaN	NaN	NaN	NaN	NaN	NaN	NaN	NaN	NaN	NaN	NaN	NaN	NaN	NaN	NaN	NaN	NaN	NaN	NaN	NaN	NaN
4.5363	NaN	NaN	NaN	NaN	NaN	NaN	NaN	NaN	NaN	NaN	NaN	NaN	NaN	NaN	NaN	NaN	NaN	NaN	NaN	NaN	NaN	NaN	NaN	NaN	NaN	NaN	NaN	NaN	NaN	NaN	NaN
4.6698	NaN	NaN	NaN	NaN	NaN	NaN	NaN	NaN	NaN	NaN	NaN	NaN	NaN	NaN	NaN	NaN	NaN	NaN	NaN	NaN	NaN	NaN	NaN	NaN	NaN	NaN	NaN	NaN	NaN	NaN	NaN
4.8032	NaN	NaN	NaN	NaN	NaN	NaN	NaN	NaN	NaN	NaN	NaN	NaN	NaN	NaN	NaN	NaN	NaN	NaN	NaN	NaN	NaN	NaN	NaN	NaN	NaN	NaN	NaN	NaN	NaN	NaN	NaN
4.9366	NaN	NaN	NaN	NaN	NaN	NaN	NaN	NaN	NaN	NaN	NaN	NaN	NaN	NaN	NaN	NaN	NaN	NaN	NaN	NaN	NaN	NaN	NaN	NaN	NaN	NaN	NaN	NaN	NaN	NaN	NaN
5.07	NaN	NaN	NaN	NaN	NaN	NaN	NaN	NaN	NaN	NaN	NaN	NaN	NaN	NaN	NaN	NaN	NaN	NaN	NaN	NaN	NaN	NaN	NaN	NaN	NaN	NaN	NaN	NaN	NaN	NaN	NaN
5.2035	NaN	NaN	NaN	NaN	NaN	NaN	NaN	NaN	NaN	NaN	NaN	NaN	NaN	NaN	NaN	NaN	NaN	NaN	NaN	NaN	NaN	NaN	NaN	NaN	NaN	NaN	NaN	NaN	NaN	NaN	NaN
