x	Y_20181208_15694_1_16g	Y_20181208_15694_1_22g	Y_20181208_15694_10_15g	Y_20181208_15694_10_1g	Y_20181208_15694_11_4g	Y_20181208_15694_12_7g	Y_20181208_15694_13_5g	Y_20181208_15694_14_1g	Y_20181208_15694_15_1g	Y_20181208_15694_15_6g	Y_20181208_15694_16_2g	Y_20181208_15694_16_4g	Y_20181208_15694_17_1g	Y_20181208_15694_18_2g	Y_20181208_15694_18_3g	Y_20181208_15694_19_10g	Y_20181208_15694_19_19g	Y_20181208_15694_19_5g	Y_20181208_15694_19_9g	Y_20181208_15694_2_14g	Y_20181208_15694_21_5g	Y_20181208_15694_21_6g	Y_20181208_15694_22_1g	Y_20181208_15694_22_3g	Y_20181208_15694_22_6g	Y_20181208_15694_23_8g	Y_20181208_15694_24_14g	Y_20181208_15694_24_16g	Y_20181208_15694_26_3g	Y_20181208_15694_26_9g	Y_20181208_15694_28_1g	Y_20181208_15694_3_18g	Y_20181208_15694_3_9g	Y_20181208_15694_4_10g	Y_20181208_15694_4_9g	Y_20181208_15694_5_11g	Y_20181208_15694_5_20g	Y_20181208_15694_6_11g	Y_20181208_15694_6_19g	Y_20181208_15694_7_8g	Y_20181208_15694_8_8g	Y_20181208_15694_8_9g	Y_20181208_15694_9_4g
0	32740.0371	28970.4531	25248.0176	23862.0625	28748.8359	28008.5508	29918.4883	30128.373	27814.3809	29809.6191	26368.3535	26654.8887	29649.3164	29607.0234	28388.2988	31483.5039	28068.3281	32138.1699	32469.2812	26469.5547	12619.0342	30002.9785	26231.3379	30461.3125	29268.332	25900.793	30016.5234	23781.4844	28305.4707	29371.1641	25651.8066	27787.7559	30082.1172	31083.4609	30324.5059	29978.0117	30700.3633	28212.7031	33104.1367	30332.7324	29343.4902	31842.9395	30208.9785
0.1334	31817.416	30407.5742	25550.2285	23872.6895	28710.9043	26912.6895	30835.9395	30221.7773	27393.4844	30361.7383	26435.9277	26872.3418	28979.8965	27352.2891	26852.3242	30852.6738	28321.9023	32338.0137	31863.8867	26151.0078	12668.4717	29671.002	27027.5195	30891.9473	30593.4922	26225.5488	29632.2891	24831.1348	28384.0371	30566.6699	26129.9102	26720.3965	30997.7012	30190.502	31454.2031	30138.9395	29707.2754	27991.5879	33270.2305	30774.209	29811.0293	32092.4492	29348.5977
0.2668	30749.375	28623.8652	25825.8047	24529.2695	29742.3867	26195.6719	31804.7168	29674.9082	27588.5879	32100.1719	26622.3457	27153.1465	29491.627	27971.7402	27505.6699	30185.2383	28259.7266	33526.1992	32982.9805	24735.6855	13929.5283	29831.2754	26829.5684	31352.4805	28606.0176	24619.0938	29586.9238	24924.582	26752.5664	29835.9297	25409.1113	27516.6699	31936.2266	30482.4863	31847.5527	28822.6953	32186.9375	27154.3359	34117.2656	30660.8066	31373.7344	32358.6387	28552.5996
0.4003	31820.0391	28738.6895	25803.832	24595.1328	30404.9512	26620.3164	31917.0625	28942.498	28352.0391	33674.9023	27898.3965	28545.9355	29736.1562	28743.3301	28357.3945	30384.9297	29709.6387	34088.7734	33170.2305	25424.168	15245.7734	30406.5039	26709.5117	30967.9629	30328.6055	24838.4922	29609.4199	24816.0898	27231.7051	30408.8477	25563.2285	28376.1719	30053.4609	31177.7305	30985.5273	29113.5176	29666.5039	28474.6855	33562.9219	31239.3711	30831.6543	32237.0527	31073.4004
0.5337	30543.1914	27596.7559	24542.1895	23246.1074	30537.7988	27043.8809	30568.8066	30402.3379	27935.1738	32990.6367	26849.2422	29720.2812	30588.7656	29324.1699	28105.7344	28844.9062	29088.2559	33890.3203	32075.0215	26772.8574	15345.8457	31474.8633	26307.8418	30866.0527	30159.3535	24003.6719	30085.5586	25404.1895	27350.2344	30713.8574	25994.5352	28591.791	31834.6582	31668.9355	32493.5	29465.3809	32228.8379	27723.4004	33762.3867	30648.7793	31625.2988	32847.6289	30421.1602
0.6671	31257.4395	28701.1953	26212.8008	23746.2793	30327.998	28192.0605	30850.3594	30169.6641	27002.3516	32461.8555	26718.5508	29435.7871	30123.8828	30898.582	28409.1582	29929.1348	29559.4883	34803.9141	34657.5312	26031.8496	16095.2891	29989.002	27586.1719	31223.6426	28918.6738	24591.7871	31728.709	25952.7676	27390.7656	30404.6543	27007.4883	28929.8574	32459.2012	31186.8965	32134.1895	29113.4805	31622.4648	28252.2891	32220.6699	32864.5312	31517.5156	32801.0742	29526.082
0.8005	32740.9629	27187.6582	25128.2305	23057.2148	30228.793	28166.4727	30884.0859	31130.9004	28471.7773	34528.2031	27934.9336	29395.4531	30075.916	30018.6523	28078.252	29935.5781	31014.9746	33602.8828	32738.7383	25276.8711	16216.9492	30549.9922	27807.4375	32414.6133	30566.4102	26953.793	32071.4062	24594.0059	28182.2266	30523.1152	27715.8672	28724.5469	33361.6367	32545.8145	32514.8105	32114.2266	30778.8086	28690.0371	33622.7188	31338.4199	32862.3125	32425.1934	30672.0742
0.934	31296.1523	31230.8984	25420.4766	23216.7168	30820.0312	26723.8867	31705.2305	30715.2715	28322.6055	33663.3906	28004.375	30256.1133	29822.6523	30443.2148	27707.3203	30072.5918	31338.2363	33647.5977	33492.582	26341.3516	14905.7256	30207.373	27601.1738	32522.6465	29949.502	25693.1445	32575.9746	25221.1445	29284.7188	30329.8672	28069.5938	29121.5566	33188.8438	32789.6797	34546.2578	30859.7793	30435.4199	28513.707	32117.9961	31472.3555	33133.125	33336.4492	31127.5996
1.0674	31337.3828	31331.5137	26835.5684	23764.7891	30065.1016	27346.6777	31867.1992	30704.584	29576.8008	33217.8281	28255.6152	30165.7168	30447.6387	31768.6211	27740.1699	28924.625	31073.8477	33208.5234	32801.3828	25502.9121	13578.123	31607.2656	27795.1094	32173.3965	29825.25	25983.5117	33862.9258	25815.666	27704.5586	30496.332	28094.5156	29117.6387	32008.6895	31724.5566	34503.6797	31561.2656	32172.8223	28659.1895	32966.1211	32082.9805	32521.4922	31788.3965	31660.2793
1.2008	32774.8633	31222.4141	27288.748	23476.3828	30977.3809	28105.6113	30051.2129	29746.9043	29491.8613	32644.3965	27594.2871	32240.2949	31269.375	31866.4766	28112.2949	30563.8086	30610.4141	33222.6406	32743.4473	25498.0566	13447.8564	31663.3789	28259.8047	32211.0117	28043.4473	27352.5195	32903.4336	26479.5254	29176.7441	29640.0469	27048.3027	29678.8633	30338.084	32831.4922	35805.2188	31173.3359	32195.9238	28245.0449	33936.5742	31581.3242	33662.1289	31906.2461	31177.5469
1.3342	33285.7148	31687.9531	25812.9277	24265.9668	30430.0762	29455.207	29271.1074	30685.3203	30929.4961	33959.9141	29242.3711	31127.0664	30285.5918	31035.8867	29663.8066	30858.5156	30640.3086	33923.168	32374.6699	27085.1289	12547.5215	31124.8535	27972.7305	32414.8457	28989.0645	27741.8613	31665.1094	25710.2051	28860.1484	31186.875	27885.3477	29928.6875	30894.373	32073.1934	34013.6055	30039.8027	29926.9102	29375.3203	35508.0742	31883.3301	33158.4766	33683.9883	30394.4258
1.4676	33417.3594	31712.4961	26219.2031	24297.0039	30167.0586	27872.9609	33086.4219	30885.791	30443.3145	34353.4062	27050.6465	32088.959	30598.7168	31875.1777	29187.5039	33204.7734	33752.3906	33494.0078	33468.8516	26728.4355	11767.5215	33710.5977	28950.3789	32536.7637	30052.8477	28328.1641	32617.0781	25734.0547	28620.7754	31158.1797	28810.5664	32005.8984	31990.8047	33613.5781	36419.8008	31294.7598	31188.9668	27902.4512	37866.1992	31964.2871	35177.3711	34065.4062	30631.8887
1.6011	33686.6992	34514.8203	27421.6113	23659.7539	30473.5059	29940.4434	35348.6719	31290.084	30068.4082	33349.668	27845.291	34057.9531	30391.75	32840.3867	29509.0742	38605.2109	38598.7344	33743.7695	34568.5508	26712.668	11707.9033	35044.5547	28181.8047	30507.3516	29480.8535	33020.2344	34280.5586	26290.4023	32375.5254	32279.4375	29824.5449	34633.5547	33838.168	33596.9453	44337.8164	31129.2363	33453.1953	27611.8223	40764.9414	31508.3242	37042.9844	31706.502	31206.0586
1.7345	34811.2305	38914.7617	27692.6348	23960.8672	32800.2891	33647.6641	41372.0508	32672.2871	31551.4004	35021.3984	28851.6602	38871.7656	31928.7656	33365.8867	31093.4844	43939.1992	52916.3359	36403.3164	34435.2305	26427.4531	12404.7197	42204.0508	31121.416	31707.1211	31123.3438	38943.7344	34870.75	26865.1074	35295.4766	35262.2852	34596.9375	40105.9727	34650.957	31592.084	63979.1914	30139.4277	36787.6094	28557.3477	52193.3672	33561.6719	40202.4844	33650.0312	30894.5352
1.8679	35269.9492	39494.7578	27343.541	25967.1191	40546.0352	39912.4453	52037.2383	38997.8867	40187.0195	38276.0703	32098.0957	44748.6836	33236.5703	35061.8047	35357.4805	41484.6797	70974.0938	36214.625	35074.1602	26980.9766	12095.6865	51393.9141	34840	32734.3828	31192.0215	42912.3086	38809.5195	27342.1094	48665.2578	41914.0664	44190.0625	43838.7812	37877.6406	31389.4609	86658.5781	32028.7852	44660.9766	28997.8047	69373.8984	38789.0039	47282.6641	34834.082	30625.5273
2.0013	34581.7461	36602.8203	30821.2617	30559.3555	53209.9609	45476.3516	54035.2148	50792.8945	48689.9219	46277.4023	38278.3906	55536.4336	33495.2422	40619.2891	43317.4258	36711.4492	67313.8672	37914.8867	38950.7188	29344.4727	12653.3594	49823.5703	44908.3984	36957.8516	33026.8242	38768.7734	47374.9531	30281.6191	70149.4766	54552.0391	59014.7578	43405.8438	45656.707	32862.7109	89461.875	35011.5977	56118.0586	29742.3066	72485.4141	54684.9219	65876	37565.1836	32031.373
2.1347	36439.375	31797.6992	41776.3555	39361.9258	68489.5703	43915.125	47344.7656	72437.8125	46819.3359	53299.7266	44336.0625	56442.0781	38399.5078	46203.6406	56251.7891	31277.0293	51240.3594	46526.6406	46068.9648	35830.5586	12555.9961	40814.168	53407.9766	45530.6836	36516.6055	32231.4531	63377.3359	38190.9062	91379.7734	58342.5	67379.1875	36690.5156	61279.1133	33103.7656	64455.3594	44352.3672	55885.4023	31409.0645	53508.8359	76067.2578	81879.1172	43685.582	35334.0781
2.2682	42495.4297	32029.8887	55332.0586	46852.668	69166.1719	34130.9531	37073.4102	70109.1797	40592.5156	49104.4102	41382.0117	46448.1016	48914.5742	43478.7383	56108.6211	29404.1055	39364.9883	67392.5938	56843.7148	41298.8594	NaN	35073.7695	55688.4062	53288.3789	43995.3711	27265.9863	83285.1562	44782.1562	75227.1875	44500.6758	52385.4922	30974.0547	72771.2031	33726.3086	47250.0469	49669.6797	47599.7305	34853.4961	42754.6992	77226.8203	68705.4766	50543.7773	46971.4766
2.4016	51877.0117	29310.7266	56947.3047	43460.6484	50567.1836	30630.0879	32790.8555	50220.1758	33316.1797	42617.4375	34725.1641	38429.3008	57138.5117	36684.0039	44422.2031	30234.5098	33881.7227	104475.4219	58885.6953	37889.3086	NaN	31893.3223	43880.7812	50172.6797	49559.2031	26686.7363	71904.2734	44329.4883	48645.2969	35422.4766	37658.2617	31465.3535	62173.9102	33581.5352	40829.5625	46320.2969	47807.1484	46459.8203	36593.0156	58083.5391	52613.8047	48285.4766	67838.3672
2.535	55839.7461	29698.377	45254.4844	33542.9531	38073.7891	27990.3789	32232.2793	38655.7812	30787.3594	38920.6016	34158.3438	34523.0547	50610.0156	35160.1562	36916.8984	28940.3887	32802.9961	123245.4141	48207.7461	32752.0312	NaN	31291.9062	35864.8828	38835.2266	46384.25	26557.0879	49505.875	36294.7812	38889.6914	33220.2969	31244.0137	NaN	46272.6172	37012.0586	36757.8906	37584.8242	50632.7773	66860.1016	34891.4531	43935.5625	41174.7812	39815.5391	83599.9062
2.6684	48365.418	NaN	35267.9531	27233.459	35539.6016	28339.8496	30643.9395	33608.1172	29869.4004	NaN	NaN	32484.125	42303.6758	35273.9492	32410.6953	NaN	NaN	91457.9141	39148.5312	29111.3477	NaN	30466.9922	32327.1914	35272.8711	38758.8398	NaN	39718.3164	30598.1055	32440.5898	32391.7734	29480.4531	NaN	37512.8125	43822.6406	38284.6172	32739.6035	49921.7852	70072.2188	NaN	36595.3789	38009.625	33892.9336	65358.2383
2.8019	40294.7148	NaN	31430.3945	26122.8457	33356.0625	28739.3809	30090.0059	31636.7285	NaN	NaN	NaN	31681.418	39301.8438	41041.0977	30310.541	NaN	NaN	57170.832	35822.8711	27422.752	NaN	NaN	31222.5801	NaN	33546.4922	NaN	33758.6953	29426.9512	28946.0918	30214.7539	28548.4453	NaN	33713.4727	48943.5898	35907.1289	32534.3691	39327.8008	55534.6641	NaN	35173.3984	38130.4805	31473.4316	45876.0898
2.9353	35734.1016	NaN	NaN	NaN	31223.2324	NaN	NaN	NaN	NaN	NaN	NaN	32445.8477	NaN	NaN	NaN	NaN	NaN	44614.5	NaN	25891.1035	NaN	NaN	32388.959	NaN	31259.8887	NaN	35564.5273	NaN	29189.9395	NaN	NaN	NaN	32077.7715	47058.7773	NaN	NaN	33265.168	39607.082	NaN	33612.1836	NaN	31721.7207	35439.9336
3.0687	34330.0781	NaN	NaN	NaN	31405.6445	NaN	NaN	NaN	NaN	NaN	NaN	NaN	NaN	NaN	NaN	NaN	NaN	38767.1445	NaN	25520.2754	NaN	NaN	32238.4414	NaN	NaN	NaN	36969.3594	NaN	NaN	NaN	NaN	NaN	31963.2051	40520.1328	NaN	NaN	NaN	30961.0195	NaN	NaN	NaN	31223.623	33115.4336
3.2021	33557.8984	NaN	NaN	NaN	NaN	NaN	NaN	NaN	NaN	NaN	NaN	NaN	NaN	NaN	NaN	NaN	NaN	36209.1641	NaN	26972.8145	NaN	NaN	NaN	NaN	NaN	NaN	NaN	NaN	NaN	NaN	NaN	NaN	NaN	34268.1289	NaN	NaN	NaN	28486.3125	NaN	NaN	NaN	NaN	31467.1426
3.3355	NaN	NaN	NaN	NaN	NaN	NaN	NaN	NaN	NaN	NaN	NaN	NaN	NaN	NaN	NaN	NaN	NaN	34106.75	NaN	NaN	NaN	NaN	NaN	NaN	NaN	NaN	NaN	NaN	NaN	NaN	NaN	NaN	NaN	31940.2676	NaN	NaN	NaN	26726.5449	NaN	NaN	NaN	NaN	NaN
3.469	NaN	NaN	NaN	NaN	NaN	NaN	NaN	NaN	NaN	NaN	NaN	NaN	NaN	NaN	NaN	NaN	NaN	NaN	NaN	NaN	NaN	NaN	NaN	NaN	NaN	NaN	NaN	NaN	NaN	NaN	NaN	NaN	NaN	32006.5859	NaN	NaN	NaN	26166.9688	NaN	NaN	NaN	NaN	NaN
3.6024	NaN	NaN	NaN	NaN	NaN	NaN	NaN	NaN	NaN	NaN	NaN	NaN	NaN	NaN	NaN	NaN	NaN	NaN	NaN	NaN	NaN	NaN	NaN	NaN	NaN	NaN	NaN	NaN	NaN	NaN	NaN	NaN	NaN	NaN	NaN	NaN	NaN	NaN	NaN	NaN	NaN	NaN	NaN
3.7358	NaN	NaN	NaN	NaN	NaN	NaN	NaN	NaN	NaN	NaN	NaN	NaN	NaN	NaN	NaN	NaN	NaN	NaN	NaN	NaN	NaN	NaN	NaN	NaN	NaN	NaN	NaN	NaN	NaN	NaN	NaN	NaN	NaN	NaN	NaN	NaN	NaN	NaN	NaN	NaN	NaN	NaN	NaN
3.8692	NaN	NaN	NaN	NaN	NaN	NaN	NaN	NaN	NaN	NaN	NaN	NaN	NaN	NaN	NaN	NaN	NaN	NaN	NaN	NaN	NaN	NaN	NaN	NaN	NaN	NaN	NaN	NaN	NaN	NaN	NaN	NaN	NaN	NaN	NaN	NaN	NaN	NaN	NaN	NaN	NaN	NaN	NaN
4.0027	NaN	NaN	NaN	NaN	NaN	NaN	NaN	NaN	NaN	NaN	NaN	NaN	NaN	NaN	NaN	NaN	NaN	NaN	NaN	NaN	NaN	NaN	NaN	NaN	NaN	NaN	NaN	NaN	NaN	NaN	NaN	NaN	NaN	NaN	NaN	NaN	NaN	NaN	NaN	NaN	NaN	NaN	NaN
4.1361	NaN	NaN	NaN	NaN	NaN	NaN	NaN	NaN	NaN	NaN	NaN	NaN	NaN	NaN	NaN	NaN	NaN	NaN	NaN	NaN	NaN	NaN	NaN	NaN	NaN	NaN	NaN	NaN	NaN	NaN	NaN	NaN	NaN	NaN	NaN	NaN	NaN	NaN	NaN	NaN	NaN	NaN	NaN
4.2695	NaN	NaN	NaN	NaN	NaN	NaN	NaN	NaN	NaN	NaN	NaN	NaN	NaN	NaN	NaN	NaN	NaN	NaN	NaN	NaN	NaN	NaN	NaN	NaN	NaN	NaN	NaN	NaN	NaN	NaN	NaN	NaN	NaN	NaN	NaN	NaN	NaN	NaN	NaN	NaN	NaN	NaN	NaN
4.4029	NaN	NaN	NaN	NaN	NaN	NaN	NaN	NaN	NaN	NaN	NaN	NaN	NaN	NaN	NaN	NaN	NaN	NaN	NaN	NaN	NaN	NaN	NaN	NaN	NaN	NaN	NaN	NaN	NaN	NaN	NaN	NaN	NaN	NaN	NaN	NaN	NaN	NaN	NaN	NaN	NaN	NaN	NaN
4.5363	NaN	NaN	NaN	NaN	NaN	NaN	NaN	NaN	NaN	NaN	NaN	NaN	NaN	NaN	NaN	NaN	NaN	NaN	NaN	NaN	NaN	NaN	NaN	NaN	NaN	NaN	NaN	NaN	NaN	NaN	NaN	NaN	NaN	NaN	NaN	NaN	NaN	NaN	NaN	NaN	NaN	NaN	NaN
4.6698	NaN	NaN	NaN	NaN	NaN	NaN	NaN	NaN	NaN	NaN	NaN	NaN	NaN	NaN	NaN	NaN	NaN	NaN	NaN	NaN	NaN	NaN	NaN	NaN	NaN	NaN	NaN	NaN	NaN	NaN	NaN	NaN	NaN	NaN	NaN	NaN	NaN	NaN	NaN	NaN	NaN	NaN	NaN
4.8032	NaN	NaN	NaN	NaN	NaN	NaN	NaN	NaN	NaN	NaN	NaN	NaN	NaN	NaN	NaN	NaN	NaN	NaN	NaN	NaN	NaN	NaN	NaN	NaN	NaN	NaN	NaN	NaN	NaN	NaN	NaN	NaN	NaN	NaN	NaN	NaN	NaN	NaN	NaN	NaN	NaN	NaN	NaN
4.9366	NaN	NaN	NaN	NaN	NaN	NaN	NaN	NaN	NaN	NaN	NaN	NaN	NaN	NaN	NaN	NaN	NaN	NaN	NaN	NaN	NaN	NaN	NaN	NaN	NaN	NaN	NaN	NaN	NaN	NaN	NaN	NaN	NaN	NaN	NaN	NaN	NaN	NaN	NaN	NaN	NaN	NaN	NaN
5.07	NaN	NaN	NaN	NaN	NaN	NaN	NaN	NaN	NaN	NaN	NaN	NaN	NaN	NaN	NaN	NaN	NaN	NaN	NaN	NaN	NaN	NaN	NaN	NaN	NaN	NaN	NaN	NaN	NaN	NaN	NaN	NaN	NaN	NaN	NaN	NaN	NaN	NaN	NaN	NaN	NaN	NaN	NaN
