x	Y_20181208_15694_1_17g	Y_20181208_15694_10_2g	Y_20181208_15694_11_9g	Y_20181208_15694_13_15g	Y_20181208_15694_19_11g	Y_20181208_15694_2_1g	Y_20181208_15694_2_3g	Y_20181208_15694_21_4g	Y_20181208_15694_22_7g	Y_20181208_15694_23_18g	Y_20181208_15694_24_3g	Y_20181208_15694_26_17g	Y_20181208_15694_3_4g	Y_20181208_15694_5_9g	Y_20181208_15694_9_4g	Y_20181208_15694b_1_4g	Y_20181208_15694b_6_10g
0	14981.8252	9923.2793	10978.2646	12262.1279	10225.998	10882.1074	10644.1836	11745.7373	11308.4844	13944.0869	11537.5645	12460.6084	10927.7188	12366	10791.6934	14025.334	10293.2861
0.1334	18345.7773	10904.8906	12011.9453	12465.5117	10864.6338	12481.0146	12237.041	12839.6123	12727.8818	16031.6699	12021.002	13373.6953	12063.0723	12528.335	11526.7881	14811.126	10598.9844
0.2668	19837.0352	12150.5654	14615.21	12144.9795	11046.8223	14723.1533	12499.5684	14157.5459	14539.4121	16820.627	13464.6963	15321.8008	14085.7188	14831.6846	11580.6445	15548.3242	12151.2568
0.4003	17884.8223	14822.5977	16135.8486	12344.6504	11678.1787	16419.7754	13477.7842	14935.333	14108.6016	15454.5293	14573.7891	16503.8496	17032.6016	16782.8809	13336.1104	14521.7656	13842.999
0.5337	15617.2969	17213.5879	14954.7598	13820.6426	13008.624	16591.373	15068.8105	14191.3232	12891.8984	13697.3457	14913.0264	15020.0986	17450.4199	16428.291	16188.708	13443.4609	15842.0146
0.6671	14143.0439	16140.166	14224.5586	14325.1641	14242.8213	16300.1787	15741.4648	12848.4043	11482.2402	15218.0713	14594.3652	14497.625	15397.4717	14844.4746	18617.3535	13021.8057	18463.5938
0.8005	13733.8057	14149.1934	14418.9326	13753.5254	15783.4082	16248.2627	15967.3672	11902.4033	11129.876	14509.8818	13219.5586	13718.123	13650.248	14817.6865	19357.5586	12410.4297	17208.1816
0.934	13619.7725	12959.0371	13872.2363	12929.835	15744.6885	15167.0869	16761.4297	11480.6543	11257.7383	14447.8828	12830.334	13480.377	14274.5107	15453.291	18303.3145	13157.5459	14827.0322
1.0674	12870.4209	12487.5723	13664.2461	12567.79	13477.8936	14851.877	15987.9883	11544.9443	11410.9912	14521.4102	14181.1348	12476.8662	14061.6348	15418.0195	17073.8105	13042.3096	13810.1543
1.2008	12584.0674	11090.3457	13753.6504	12114.3555	12123.2148	14614.6514	14946.209	10851.9004	11302.0303	13069.3555	13766.4922	11992.5332	12978.5029	13549.6006	16137.9297	12553.5938	14685.0977
1.3342	12690.7461	11262.5449	14345.168	11728.9961	11566.7822	14125.5215	15198.0625	9925.9541	10836.4492	12778.9893	12870.46	11784.4795	12567.1934	13185.2949	16540.5195	12817.0146	13337.2617
1.4676	12733.9736	11201.9434	14073.876	12477.3594	11041.4053	13236.8135	15875.3779	10328.6553	10560.8516	12872.7529	12503.2266	12541.3418	12588.251	13495.7832	15824.04	13846.6895	12452.9365
1.6011	13052.8945	11969.8076	14077.1514	13409.6338	11172.9404	12232.9951	16432.3633	11291.6807	10769.7588	13159.3281	11559.1064	12822.2979	12328.4072	14556.0332	16255.0986	13920.999	12238.3945
1.7345	12746.5215	11815.9404	14232.1514	14176.0635	11714.9785	12105.2744	16376.3887	11407.7402	11170.4678	12270.0059	11060.5762	14944.4658	13085.2422	15418.583	15550.0479	14375.3955	12827.2139
1.8679	12280.8525	11475.7139	13637.7842	15893.4355	11921.6953	12256.5801	15296.5166	11925.4326	11601.5928	11980.8027	11004.3281	15051.0703	13850.6875	14510.1318	15935.9307	14112.4932	12759.5508
2.0013	13049.4561	11995.6455	12718.4365	14847.2559	11447.4668	12168.5488	14663.2295	12253.8223	11529.8438	11491.6719	10926.8984	14731.9326	14300.5186	13479.668	15053.8457	13776.9785	11525.5439
2.1347	11475.9717	11914.333	11855.1387	13457.1992	11277.0293	12293.6904	13344.3281	13466.209	11039.2891	11859.3242	11387.916	13458.2275	15126.0977	13178.1719	15447.2959	13743.3086	11881.9971
2.2682	12328.2842	12434.6992	11812.7471	12795.627	11630.0859	11629.9844	12178.0205	13705.1943	11300.9912	12425.2637	11448.9277	12578.9482	16547.1719	13213.5088	14915.4854	13153.6484	11779.5215
2.4016	11528.2148	13665.7695	12433.7383	12451.8145	12189.3389	11727.1475	11916.9492	13263.3662	10704.8301	12982.0938	11777.8379	12109.4902	17874.0547	12222.5342	13598.5801	13180.8428	11837.459
2.535	10736.1816	12377.4316	12584.8145	12870.3916	12115.498	11739.9717	11554.8887	12712.627	10936.1699	12724.9863	11597.5078	12182.7783	16795.6797	11630.4844	13760.4004	13436.2393	13009.2246
2.6684	11421.0986	11546.6826	11752.9326	11856.0391	12901.9443	11635.2324	11622.4336	12577.4307	10990.9482	12825.1562	11509.5098	11574.4629	15690.2354	11583.749	13156.6943	12509.2881	12052.959
2.8019	11171.3359	10990.6904	11733.8359	11459.4453	14219.4561	11374.5674	11923.001	12304.5654	11153.1562	12322.0791	11643.4297	11917.2666	13764.5723	11083.4346	12180.4502	12900.208	11809.334
2.9353	10948.1484	11230.6064	11972.9902	11884.5107	15339.5977	11636.2715	11652.9326	12019.374	10888.499	11267.3721	11957.1992	10885.9316	12847.7832	12120.5566	11409.793	12362.1162	11632.9258
3.0687	10510.6719	10545.7324	10941.1152	NaN	14909.7295	11455.4453	11603.0195	12925.5752	10739.4443	11983.4814	12003.4775	10674.9746	12694.8711	12298.3311	11381.7891	12857.4824	11282.0586
3.2021	10761.999	10658.1162	11157.4316	NaN	13920.3857	12781.084	11434.4844	12751.4004	10991.1621	11920.8896	11989.1914	11317.7256	11574.6807	11669.1885	11564.957	NaN	11743.6787
3.3355	NaN	10854.959	NaN	NaN	12514.6172	NaN	11506.5332	12518.7773	11220.8447	NaN	NaN	11520.7891	11555.7012	11973.4404	11448.7129	NaN	12657.2744
3.469	NaN	NaN	NaN	NaN	12298.5967	NaN	11185.1777	12170.9902	NaN	NaN	NaN	NaN	12055.8701	NaN	11810.9346	NaN	12170.0479
3.6024	NaN	NaN	NaN	NaN	11860.0771	NaN	11234.5586	NaN	NaN	NaN	NaN	NaN	NaN	NaN	11882.0469	NaN	12187.3115
3.7358	NaN	NaN	NaN	NaN	11164.9766	NaN	11860.0615	NaN	NaN	NaN	NaN	NaN	NaN	NaN	12407.8525	NaN	11982.0996
3.8692	NaN	NaN	NaN	NaN	11388.3076	NaN	11491.9326	NaN	NaN	NaN	NaN	NaN	NaN	NaN	NaN	NaN	NaN
4.0027	NaN	NaN	NaN	NaN	11661.165	NaN	NaN	NaN	NaN	NaN	NaN	NaN	NaN	NaN	NaN	NaN	NaN
4.1361	NaN	NaN	NaN	NaN	11332.085	NaN	NaN	NaN	NaN	NaN	NaN	NaN	NaN	NaN	NaN	NaN	NaN
4.2695	NaN	NaN	NaN	NaN	11244.71	NaN	NaN	NaN	NaN	NaN	NaN	NaN	NaN	NaN	NaN	NaN	NaN
4.4029	NaN	NaN	NaN	NaN	NaN	NaN	NaN	NaN	NaN	NaN	NaN	NaN	NaN	NaN	NaN	NaN	NaN
4.5363	NaN	NaN	NaN	NaN	NaN	NaN	NaN	NaN	NaN	NaN	NaN	NaN	NaN	NaN	NaN	NaN	NaN
4.6698	NaN	NaN	NaN	NaN	NaN	NaN	NaN	NaN	NaN	NaN	NaN	NaN	NaN	NaN	NaN	NaN	NaN
4.8032	NaN	NaN	NaN	NaN	NaN	NaN	NaN	NaN	NaN	NaN	NaN	NaN	NaN	NaN	NaN	NaN	NaN
4.9366	NaN	NaN	NaN	NaN	NaN	NaN	NaN	NaN	NaN	NaN	NaN	NaN	NaN	NaN	NaN	NaN	NaN
5.07	NaN	NaN	NaN	NaN	NaN	NaN	NaN	NaN	NaN	NaN	NaN	NaN	NaN	NaN	NaN	NaN	NaN
5.2035	NaN	NaN	NaN	NaN	NaN	NaN	NaN	NaN	NaN	NaN	NaN	NaN	NaN	NaN	NaN	NaN	NaN
