x	Y_20180224_15102_10_11_S_g	Y_20180224_15102_10_7g	Y_20180224_15102_11_4g	Y_20180224_15102_12_13g	Y_20180224_15102_12_8g	Y_20180224_15102_13_2g	Y_20180224_15102_13_5g	Y_20180224_15102_14_4g	Y_20180224_15102_14_6g	Y_20180224_15102_15_12g	Y_20180224_15102_15_15g	Y_20180224_15102_15_5g	Y_20180224_15102_15_8_S_g	Y_20180224_15102_18_1g	Y_20180224_15102_18_2g	Y_20180224_15102_2_8g	Y_20180224_15102_20_3g	Y_20180224_15102_20_4_S_g	Y_20180224_15102_22_2g	Y_20180224_15102_23_7g	Y_20180224_15102_25_1_2_S_g	Y_20180224_15102_25_2_S_g	Y_20180224_15102_25_3g	Y_20180224_15102_25_9g	Y_20180224_15102_26_10g	Y_20180224_15102_26_3g	Y_20180224_15102_26_4g	Y_20180224_15102_27_12g	Y_20180224_15102_27_1g	Y_20180224_15102_28_13g	Y_20180224_15102_28_2g	Y_20180224_15102_28_5g	Y_20180224_15102_7_1g	Y_20180224_15102_7_5g	Y_20180224_15102_8_6_S_g	Y_20180224_15102_8_9_S_g	Y_20180224_15102_9_4g
0	42175.668	39606.5	35537.973	37802.074	31358.094	33115.441	39312.551	38231.711	33498.582	35507.848	32310.482	30500.826	37292.379	36693.133	35245.695	49997.316	41818.273	36712.363	36761.391	38930.109	39704.031	39036.277	34841.664	35325.762	38607.43	35320.344	34334.879	33133.41	36697.992	35556.039	38474.383	39480.785	35830.414	34756.699	35487.027	34513.129	38056.461
0.1334	40969.508	39761.555	34379.047	37990.047	32034.75	32939.77	38997.426	37850.926	33150.887	37499.91	32174.09	32232.621	36193.82	37641.652	36092.773	45131.516	39721.594	37982.281	36272.246	38846.738	38742.43	38046.262	34537.227	35608.477	37461.441	34250.449	35386.504	32555.934	37444.188	36355.348	38181.699	40807.34	36822.004	34113.227	34985.355	33500.125	39009.906
0.2668	42429.328	38132.84	36062.461	38694.641	32016.193	33235.785	36432.191	37250.625	33489.219	39807.312	30802.684	32452.787	37439.18	38486.137	36194.848	38679.391	37997.836	37946.641	35886.609	40067.855	40539.082	38388.797	33839.395	37583.457	34908.477	33841.488	36979.07	31425.809	37296.785	36464.836	39045.234	40579.094	37774.023	34989.543	34775.414	34801.414	37370.066
0.4003	41499.328	38477.645	35419.336	38550.562	32536.906	34109.508	37633.438	36279.531	34406.465	38988.457	31813.295	32382.924	38430.965	37589.637	36839.371	35499.168	35554.547	38095.188	36824.535	40707.129	39566.367	39309.426	34763.801	36638.957	38868.305	35268.262	37857.93	31894.555	37708.973	35601.664	40082.332	39698.5	38628.531	35110.219	34492.961	35622.164	38425.027
0.5337	40450.395	36583.551	34312.496	38367.152	31826.355	32520.244	37440.238	36849.531	33221.793	37918.785	30342.061	33563.223	36501.203	38329.312	35296.656	34099.98	33150	38420.039	37916.723	39037.426	38381.453	38543.75	34243.254	37281.883	37003.297	35440.633	37912.34	32512	36599.086	37084.062	40812.387	42030.66	40188.02	36317.164	34681.648	36268.461	40847.844
0.6671	40924.945	39530.027	35083.285	37472.32	33962.68	34092.934	39252.324	38699.441	34523.59	37551.195	31540.447	32914.078	36142.027	38054.902	34967.344	34110.414	34669.98	40101.902	38650.055	39242.402	37712.84	39389.098	33942.25	36398.887	38822.777	35589.27	38904.934	32010.225	38945.566	35999.68	38700.434	40674.977	40144.453	34153.316	36970.883	35861.414	38663.758
0.8005	40613.602	36887.238	36401.414	36210.094	35541.938	34983.316	39030.441	40027.156	35020.684	36352.758	32394.135	33711.141	34969.598	38181.047	38240.184	34202.047	35410.359	39282.41	38982.285	38786.227	38899.574	39756.586	35011.473	36072.074	37955.781	35833.102	39050.492	33000.48	40197.719	35465.355	37407.535	40456.859	38791.902	35190.516	34999.621	34649.727	39900.68
0.934	43451.539	38197.996	34098.77	36926.184	34577.617	34176.297	39474.762	40202.418	34859.965	38613.82	33245.613	33425.164	36514.094	39675.148	38220.68	33681.719	35124.84	39173.543	38847.797	38464.207	39710.305	39798.508	36061.848	36337.691	37932.512	35915.75	40061.027	32413.338	40969.473	37100.953	37421.188	41420.43	40791.902	35116.188	36383.75	37123.113	39258.836
1.0674	44127.555	39124.34	36045.121	36718.078	33832.023	36321.48	39374.395	41748.809	34971.551	38730.008	32903.5	33925.125	36210.605	38101.504	36666.301	33734.945	37565.742	38021.625	38361.68	39751.988	38612.227	40819.543	34622.582	36757.707	37072.742	36836.82	40623.367	32952.699	39934	37649.777	39248.094	41540.734	41177.891	35434.742	35912.297	36902.504	39256.051
1.2008	43914.66	39757.281	35662.902	36794.051	34544.562	36314.477	39172.066	40547.957	35444.809	38548.875	32741.545	31571.654	34630.984	37921.031	35299.84	33877.555	36848.113	39049.875	39828.16	39849.047	38801.898	40425.48	36030.488	36721.828	37073.551	37268.074	39497.098	32116.375	37604.316	37381.426	37475.145	40172.859	41652.223	37064.176	37205.23	37332.164	40231.809
1.3342	44750.66	38943.852	36797.316	37527	35246.562	35858.988	39828.582	39677.777	35525.477	37137.102	32687.955	31873.285	35537.152	38059.707	34949.477	33337.398	36465.559	40121.652	39133.734	41082.191	39159.402	40249.574	35389.559	36371.211	34585.738	36765.684	39664.098	31394.006	38383.055	38718.305	36751.457	38960.309	41211.859	36212.203	37287.043	37579.781	41481.254
1.4676	44854.738	38232.82	35288.453	38700.391	34916.816	35793.453	39268.145	41194.223	36504.586	36961.273	31801.123	33187.156	35309.098	38787.652	35118.758	33132.879	37928.09	38544.051	40921.324	40731.305	37935.562	41124.48	35285.34	34923.652	35945.961	38419.109	37552.43	32065.559	37543.48	38483.93	37940.766	40440.715	39760.102	34457.008	36353.23	38746.426	40367.504
1.6011	45714.809	38622.938	34969.969	38108.016	34448.277	36226.469	39250.488	41108.191	37251.945	35859.859	33592.73	33908.031	36592.727	37871.238	35135.305	33921.281	37804.484	37436.996	41841.961	40945.074	36408.723	40801.844	36125.34	37074.117	37369.625	36878.508	37501.914	33218.719	37482.664	36966.586	38238.02	40182.422	39503.215	35099.492	35098.004	37565.762	40015.914
1.7345	44749.754	38209.961	36504.383	38757.25	34127.68	36493.965	41162.395	42535.289	35941.004	35898.691	33815.777	32426.709	36798.758	38561.34	33965.695	33526.23	38687.949	38303.719	41509.371	41038.273	35511.41	40736.301	34138.32	36266.18	36753.293	36465.723	39101.531	32855.367	37058.902	37167.613	38792.574	37916.023	36412.117	34697.227	35577.492	37238.309	39971.633
1.8679	44492.648	39515.559	37845.512	38817.012	34902.832	37504.676	40307.73	42802.879	35549.66	35658.387	32906.719	33566.418	33433.703	38425.008	36245.98	33975.988	38729.113	38764.059	38730.418	40851.969	37130.934	40480.875	33920.27	36102.695	34666.516	35299.363	36623.469	33741.477	38118.496	37503.781	37160.605	39090.789	37808.66	35488.441	35217.648	37371.199	39778.902
2.0013	42994.777	38082.305	38052.406	37245.711	33461.488	36800.824	39026.23	39251.605	34321.523	34862.945	32544.094	33836.977	34104.996	39839.82	37000.062	34082.043	38362.672	37552.559	38404.504	39025.711	37820.203	40026.113	35470.051	34416.664	35758.469	35811.121	37214.73	32907.172	38767.488	38710.453	37487.594	38516.883	38138.496	36931.102	35537.047	35569.746	41698.598
2.1348	43585.977	37821.141	39883.57	37259.641	32854.539	36423.051	39724.305	38623.227	33383.074	35017.215	32786.203	33601.797	35009.027	39373.18	33192.488	34274.195	36992.648	37604.711	40188.043	37512.785	37998.66	39750.098	34668.57	35208.406	34909.254	36388.477	36702.617	32758.283	36680.129	37137.801	36629.805	37696.477	38262.465	36654.113	32724.207	35069.918	41669.422
2.2682	41451.789	37537.621	38336.227	39026.168	35789.809	34842.605	39043.547	39147.016	34590.332	35254.641	31761.525	33845.023	34632.582	40554.082	33504.488	34705.395	38381.23	38435.262	40912.719	39388.273	38292.031	39449.836	35410.781	35114.543	34045.777	36920.75	37812.352	33637.734	37321.785	36144.871	36195.367	38049.715	39038.852	36672.797	33991.949	36238.777	41445.48
2.4016	41276.984	38877.133	39557.766	38535.332	32986.566	35248.34	39485.102	38426.543	36019.027	35632.441	32529.461	32364.402	34787.754	41066.086	34304.066	33921.242	36688.523	38492.402	40016.223	39766.043	37577.594	38899.301	34494.539	35519.211	35881.719	34555.246	37484.66	33078.176	36079.758	35794.617	37384.906	39300.754	41978.074	35576.473	33647.285	35403.855	39999.816
2.535	40796.543	39809.617	39391.535	39478.258	34352.18	35067.664	39769.898	37985.043	35052.203	37116.445	33246.352	31952.578	35545.316	40358.719	35305.137	34076.184	37306.227	39457.949	39369.375	41685.223	39576.684	39954.395	31414.781	37099.918	35403.223	33177.969	36650.758	33763.258	35587.508	36441.676	38293.449	39126.246	37412.285	34909.16	35260.105	35564.07	40284.582
2.6684	42509.996	40441.785	38397.145	39817.219	36368.695	35879.367	37175.066	35746.406	34871.973	36517.547	33005.066	32492.926	33822.613	41013.387	35364.574	34630.641	38874.297	38500.473	37835.859	40342.324	39451.914	38191.422	33478.004	36215.746	33622.625	33900.727	36528.508	34733.551	35744.711	36398.305	37361.457	38845.891	39276.531	33697.168	35821.766	36578.355	40588.469
2.8019	40813.902	41663.984	37152.277	39512.098	36961.199	36509.074	38944.559	36089.461	33261.129	36448.305	33072.305	32769.781	36250.656	43237.641	36049.543	34178.906	38984.551	39327.062	38302	42075.305	40210.719	39609.199	34576.57	37110.711	34028.324	35252.426	36890.105	34858.258	36018.914	38338.305	39946.242	40274.117	38359.941	35040.496	35603.48	36362.551	41143.684
2.9353	39835.926	48464.266	38908.711	41528.461	36960.762	35992.18	38685.469	38919.684	34288.922	37764.617	33001.879	34325.793	35451.75	50399.832	39550.523	37113.363	40125.375	38857.484	38946.438	44463.375	39959.887	39611.137	34690.234	38007.953	36864.824	35180.016	36161.477	35313.605	36590.379	41711.848	41906.633	39782.109	38921.051	35144.25	35359.082	35612.43	41406.879
3.0687	40420.676	58885.547	40207.91	42683.82	43239.043	37108.16	39914.352	37783.711	34932.863	37204.852	34672.566	36685.828	35938.574	60853.566	45459.047	38912.316	42203.785	41213.566	39129.637	51556.43	40933.59	39206.117	34284.176	39260.094	36253.668	33068.152	37384.93	36612.852	38304.824	48895.73	49934.754	42901.801	40471.582	38604.598	37262.227	35812.824	42837.824
3.2021	42491.129	82280	43250.277	46118.438	53366.293	38533.008	42471	37590.578	38265.309	38155.004	35362.613	42819.508	35908.504	91845.312	58231.453	46577.52	46561.914	42145.371	39822.035	68389.461	41331.883	39500.047	34341.578	42842.535	38675.664	35593.141	40016.18	40095.711	43044.18	69607.984	65906.977	49611.562	39951.566	47220.801	37388.141	37028.105	45724.434
3.3356	45013.176	90275.406	49984.574	47564.637	79244.742	41046.969	50298.129	42709.504	45046.777	38932.637	38276.504	59666.574	37084.301	152193.734	89830.797	62675.68	59536.676	49336.758	42749.949	112783.297	45356.98	41178.598	37736.754	54219.918	43637.199	38437.941	45679.777	49233.207	53079.652	103519.555	86935.078	67424.391	43619.836	62850.25	47071.898	40898.133	52906.125
3.469	50741.656	70975.109	65982.438	59043.227	115177.125	46545.328	60824.391	51263.805	64480.441	41642.57	51079.402	74858.328	40605.941	187361.016	115080.68	100772.547	88162.219	62906.945	46704.484	162883.094	55079.43	43021.789	40957.113	81591.406	54410.223	41306.355	57310.133	62821.449	68251.539	112192.375	87155.758	108014.172	51669.281	75935.359	68451.281	44475.398	71949.016
3.6024	66482.188	52091.199	109429.672	65941.828	115261.422	58882.051	87343.359	67154.812	97580.75	48770.84	80601.016	70884.664	47465.715	143687.031	94392.414	138632.734	141869.656	71768.852	60576.918	150613.625	70339.461	47177.578	55608.766	142681.062	73723.68	47843.973	80703.672	80986.547	63325.801	86160.367	64577.051	133920.391	66545.891	67549.102	90211.102	55509.066	116361.023
3.7358	105942.195	44559.406	157728.109	65354.848	77625.25	65869	97192.805	86662.117	113173.938	68321.133	106651.766	52765.188	53385.66	88878.164	61487.555	119328.812	172467.609	63404.473	96546.086	95261.367	77678.133	60256.602	61941.887	190213.672	70765.047	54188.516	131960.016	72162.922	49839.344	59579.996	50128.023	108816.047	73360.797	49007.125	84957.367	84203.602	151003.516
3.8692	148103.547	NaN	155648.547	55621.309	54781.008	59405.035	75041.102	86376.984	84345.375	80884.102	90278.797	41298.117	50408.742	58441.707	47916.898	77602.109	133851.781	55843.98	143177.375	64145.18	67598.867	83026.164	52751.094	178062.453	55174.125	50039.156	171453.328	52093.098	42126.105	47705.594	42642.828	67706.008	61766.93	40795.332	65264.156	119279.953	124191.188
4.0027	135424.984	NaN	102230.078	47519.023	NaN	49176.883	55859.312	62280.645	57130.297	69595.883	59473.25	37077.633	42912.477	NaN	NaN	54048.508	84285.43	60863.785	141824.766	54210.91	53614.285	93509.141	42722.133	114989.414	41144.973	42359.137	141148.562	41087.27	40407.746	NaN	40985.055	47714.664	49265.535	NaN	55793.75	112131.188	76577.961
4.1361	90822.25	NaN	64745.137	42926.094	NaN	43043.762	47395.129	NaN	48688.539	62662.723	44697.242	NaN	37938.039	NaN	NaN	44918.949	59108.695	NaN	93340.633	NaN	44331.078	76394.656	39337.793	64689.578	38121.168	39318.938	88179.695	35616.914	NaN	NaN	NaN	45369.789	46547.699	NaN	NaN	71974.359	NaN
4.2695	59364.559	NaN	54669.711	NaN	NaN	41209.695	44346.316	NaN	43509.676	NaN	38481.395	NaN	34932.863	NaN	NaN	NaN	NaN	NaN	60281.324	NaN	41574.75	56222.895	NaN	49177.492	NaN	37544.453	53916.926	NaN	NaN	NaN	NaN	NaN	NaN	NaN	NaN	49584.156	NaN
4.4029	49382.125	NaN	NaN	NaN	NaN	38667.82	NaN	NaN	NaN	NaN	35969.797	NaN	NaN	NaN	NaN	NaN	NaN	NaN	50098.801	NaN	41854.023	44718.07	NaN	44033.688	NaN	NaN	43221.566	NaN	NaN	NaN	NaN	NaN	NaN	NaN	NaN	41550.617	NaN
4.5363	NaN	NaN	NaN	NaN	NaN	37636.922	NaN	NaN	NaN	NaN	NaN	NaN	NaN	NaN	NaN	NaN	NaN	NaN	NaN	NaN	NaN	NaN	NaN	NaN	NaN	NaN	41007.621	NaN	NaN	NaN	NaN	NaN	NaN	NaN	NaN	38796.961	NaN
4.6698	NaN	NaN	NaN	NaN	NaN	NaN	NaN	NaN	NaN	NaN	NaN	NaN	NaN	NaN	NaN	NaN	NaN	NaN	NaN	NaN	NaN	NaN	NaN	NaN	NaN	NaN	NaN	NaN	NaN	NaN	NaN	NaN	NaN	NaN	NaN	NaN	NaN
4.8032	NaN	NaN	NaN	NaN	NaN	NaN	NaN	NaN	NaN	NaN	NaN	NaN	NaN	NaN	NaN	NaN	NaN	NaN	NaN	NaN	NaN	NaN	NaN	NaN	NaN	NaN	NaN	NaN	NaN	NaN	NaN	NaN	NaN	NaN	NaN	NaN	NaN
4.9366	NaN	NaN	NaN	NaN	NaN	NaN	NaN	NaN	NaN	NaN	NaN	NaN	NaN	NaN	NaN	NaN	NaN	NaN	NaN	NaN	NaN	NaN	NaN	NaN	NaN	NaN	NaN	NaN	NaN	NaN	NaN	NaN	NaN	NaN	NaN	NaN	NaN
5.07	NaN	NaN	NaN	NaN	NaN	NaN	NaN	NaN	NaN	NaN	NaN	NaN	NaN	NaN	NaN	NaN	NaN	NaN	NaN	NaN	NaN	NaN	NaN	NaN	NaN	NaN	NaN	NaN	NaN	NaN	NaN	NaN	NaN	NaN	NaN	NaN	NaN
5.2035	NaN	NaN	NaN	NaN	NaN	NaN	NaN	NaN	NaN	NaN	NaN	NaN	NaN	NaN	NaN	NaN	NaN	NaN	NaN	NaN	NaN	NaN	NaN	NaN	NaN	NaN	NaN	NaN	NaN	NaN	NaN	NaN	NaN	NaN	NaN	NaN	NaN
5.3369	NaN	NaN	NaN	NaN	NaN	NaN	NaN	NaN	NaN	NaN	NaN	NaN	NaN	NaN	NaN	NaN	NaN	NaN	NaN	NaN	NaN	NaN	NaN	NaN	NaN	NaN	NaN	NaN	NaN	NaN	NaN	NaN	NaN	NaN	NaN	NaN	NaN
5.4703	NaN	NaN	NaN	NaN	NaN	NaN	NaN	NaN	NaN	NaN	NaN	NaN	NaN	NaN	NaN	NaN	NaN	NaN	NaN	NaN	NaN	NaN	NaN	NaN	NaN	NaN	NaN	NaN	NaN	NaN	NaN	NaN	NaN	NaN	NaN	NaN	NaN
5.6037	NaN	NaN	NaN	NaN	NaN	NaN	NaN	NaN	NaN	NaN	NaN	NaN	NaN	NaN	NaN	NaN	NaN	NaN	NaN	NaN	NaN	NaN	NaN	NaN	NaN	NaN	NaN	NaN	NaN	NaN	NaN	NaN	NaN	NaN	NaN	NaN	NaN
5.7371	NaN	NaN	NaN	NaN	NaN	NaN	NaN	NaN	NaN	NaN	NaN	NaN	NaN	NaN	NaN	NaN	NaN	NaN	NaN	NaN	NaN	NaN	NaN	NaN	NaN	NaN	NaN	NaN	NaN	NaN	NaN	NaN	NaN	NaN	NaN	NaN	NaN
5.8706	NaN	NaN	NaN	NaN	NaN	NaN	NaN	NaN	NaN	NaN	NaN	NaN	NaN	NaN	NaN	NaN	NaN	NaN	NaN	NaN	NaN	NaN	NaN	NaN	NaN	NaN	NaN	NaN	NaN	NaN	NaN	NaN	NaN	NaN	NaN	NaN	NaN
6.004	NaN	NaN	NaN	NaN	NaN	NaN	NaN	NaN	NaN	NaN	NaN	NaN	NaN	NaN	NaN	NaN	NaN	NaN	NaN	NaN	NaN	NaN	NaN	NaN	NaN	NaN	NaN	NaN	NaN	NaN	NaN	NaN	NaN	NaN	NaN	NaN	NaN
6.1374	NaN	NaN	NaN	NaN	NaN	NaN	NaN	NaN	NaN	NaN	NaN	NaN	NaN	NaN	NaN	NaN	NaN	NaN	NaN	NaN	NaN	NaN	NaN	NaN	NaN	NaN	NaN	NaN	NaN	NaN	NaN	NaN	NaN	NaN	NaN	NaN	NaN
6.2708	NaN	NaN	NaN	NaN	NaN	NaN	NaN	NaN	NaN	NaN	NaN	NaN	NaN	NaN	NaN	NaN	NaN	NaN	NaN	NaN	NaN	NaN	NaN	NaN	NaN	NaN	NaN	NaN	NaN	NaN	NaN	NaN	NaN	NaN	NaN	NaN	NaN
6.4043	NaN	NaN	NaN	NaN	NaN	NaN	NaN	NaN	NaN	NaN	NaN	NaN	NaN	NaN	NaN	NaN	NaN	NaN	NaN	NaN	NaN	NaN	NaN	NaN	NaN	NaN	NaN	NaN	NaN	NaN	NaN	NaN	NaN	NaN	NaN	NaN	NaN
6.5377	NaN	NaN	NaN	NaN	NaN	NaN	NaN	NaN	NaN	NaN	NaN	NaN	NaN	NaN	NaN	NaN	NaN	NaN	NaN	NaN	NaN	NaN	NaN	NaN	NaN	NaN	NaN	NaN	NaN	NaN	NaN	NaN	NaN	NaN	NaN	NaN	NaN
6.6711	NaN	NaN	NaN	NaN	NaN	NaN	NaN	NaN	NaN	NaN	NaN	NaN	NaN	NaN	NaN	NaN	NaN	NaN	NaN	NaN	NaN	NaN	NaN	NaN	NaN	NaN	NaN	NaN	NaN	NaN	NaN	NaN	NaN	NaN	NaN	NaN	NaN
6.8045	NaN	NaN	NaN	NaN	NaN	NaN	NaN	NaN	NaN	NaN	NaN	NaN	NaN	NaN	NaN	NaN	NaN	NaN	NaN	NaN	NaN	NaN	NaN	NaN	NaN	NaN	NaN	NaN	NaN	NaN	NaN	NaN	NaN	NaN	NaN	NaN	NaN
6.9379	NaN	NaN	NaN	NaN	NaN	NaN	NaN	NaN	NaN	NaN	NaN	NaN	NaN	NaN	NaN	NaN	NaN	NaN	NaN	NaN	NaN	NaN	NaN	NaN	NaN	NaN	NaN	NaN	NaN	NaN	NaN	NaN	NaN	NaN	NaN	NaN	NaN
7.0714	NaN	NaN	NaN	NaN	NaN	NaN	NaN	NaN	NaN	NaN	NaN	NaN	NaN	NaN	NaN	NaN	NaN	NaN	NaN	NaN	NaN	NaN	NaN	NaN	NaN	NaN	NaN	NaN	NaN	NaN	NaN	NaN	NaN	NaN	NaN	NaN	NaN
7.2048	NaN	NaN	NaN	NaN	NaN	NaN	NaN	NaN	NaN	NaN	NaN	NaN	NaN	NaN	NaN	NaN	NaN	NaN	NaN	NaN	NaN	NaN	NaN	NaN	NaN	NaN	NaN	NaN	NaN	NaN	NaN	NaN	NaN	NaN	NaN	NaN	NaN
7.3382	NaN	NaN	NaN	NaN	NaN	NaN	NaN	NaN	NaN	NaN	NaN	NaN	NaN	NaN	NaN	NaN	NaN	NaN	NaN	NaN	NaN	NaN	NaN	NaN	NaN	NaN	NaN	NaN	NaN	NaN	NaN	NaN	NaN	NaN	NaN	NaN	NaN
7.4716	NaN	NaN	NaN	NaN	NaN	NaN	NaN	NaN	NaN	NaN	NaN	NaN	NaN	NaN	NaN	NaN	NaN	NaN	NaN	NaN	NaN	NaN	NaN	NaN	NaN	NaN	NaN	NaN	NaN	NaN	NaN	NaN	NaN	NaN	NaN	NaN	NaN
7.6051	NaN	NaN	NaN	NaN	NaN	NaN	NaN	NaN	NaN	NaN	NaN	NaN	NaN	NaN	NaN	NaN	NaN	NaN	NaN	NaN	NaN	NaN	NaN	NaN	NaN	NaN	NaN	NaN	NaN	NaN	NaN	NaN	NaN	NaN	NaN	NaN	NaN
7.7385	NaN	NaN	NaN	NaN	NaN	NaN	NaN	NaN	NaN	NaN	NaN	NaN	NaN	NaN	NaN	NaN	NaN	NaN	NaN	NaN	NaN	NaN	NaN	NaN	NaN	NaN	NaN	NaN	NaN	NaN	NaN	NaN	NaN	NaN	NaN	NaN	NaN
7.8719	NaN	NaN	NaN	NaN	NaN	NaN	NaN	NaN	NaN	NaN	NaN	NaN	NaN	NaN	NaN	NaN	NaN	NaN	NaN	NaN	NaN	NaN	NaN	NaN	NaN	NaN	NaN	NaN	NaN	NaN	NaN	NaN	NaN	NaN	NaN	NaN	NaN
8.0053	NaN	NaN	NaN	NaN	NaN	NaN	NaN	NaN	NaN	NaN	NaN	NaN	NaN	NaN	NaN	NaN	NaN	NaN	NaN	NaN	NaN	NaN	NaN	NaN	NaN	NaN	NaN	NaN	NaN	NaN	NaN	NaN	NaN	NaN	NaN	NaN	NaN
8.1387	NaN	NaN	NaN	NaN	NaN	NaN	NaN	NaN	NaN	NaN	NaN	NaN	NaN	NaN	NaN	NaN	NaN	NaN	NaN	NaN	NaN	NaN	NaN	NaN	NaN	NaN	NaN	NaN	NaN	NaN	NaN	NaN	NaN	NaN	NaN	NaN	NaN
8.2722	NaN	NaN	NaN	NaN	NaN	NaN	NaN	NaN	NaN	NaN	NaN	NaN	NaN	NaN	NaN	NaN	NaN	NaN	NaN	NaN	NaN	NaN	NaN	NaN	NaN	NaN	NaN	NaN	NaN	NaN	NaN	NaN	NaN	NaN	NaN	NaN	NaN
8.4056	NaN	NaN	NaN	NaN	NaN	NaN	NaN	NaN	NaN	NaN	NaN	NaN	NaN	NaN	NaN	NaN	NaN	NaN	NaN	NaN	NaN	NaN	NaN	NaN	NaN	NaN	NaN	NaN	NaN	NaN	NaN	NaN	NaN	NaN	NaN	NaN	NaN
8.539	NaN	NaN	NaN	NaN	NaN	NaN	NaN	NaN	NaN	NaN	NaN	NaN	NaN	NaN	NaN	NaN	NaN	NaN	NaN	NaN	NaN	NaN	NaN	NaN	NaN	NaN	NaN	NaN	NaN	NaN	NaN	NaN	NaN	NaN	NaN	NaN	NaN
8.6724	NaN	NaN	NaN	NaN	NaN	NaN	NaN	NaN	NaN	NaN	NaN	NaN	NaN	NaN	NaN	NaN	NaN	NaN	NaN	NaN	NaN	NaN	NaN	NaN	NaN	NaN	NaN	NaN	NaN	NaN	NaN	NaN	NaN	NaN	NaN	NaN	NaN
8.8058	NaN	NaN	NaN	NaN	NaN	NaN	NaN	NaN	NaN	NaN	NaN	NaN	NaN	NaN	NaN	NaN	NaN	NaN	NaN	NaN	NaN	NaN	NaN	NaN	NaN	NaN	NaN	NaN	NaN	NaN	NaN	NaN	NaN	NaN	NaN	NaN	NaN
8.9393	NaN	NaN	NaN	NaN	NaN	NaN	NaN	NaN	NaN	NaN	NaN	NaN	NaN	NaN	NaN	NaN	NaN	NaN	NaN	NaN	NaN	NaN	NaN	NaN	NaN	NaN	NaN	NaN	NaN	NaN	NaN	NaN	NaN	NaN	NaN	NaN	NaN
9.0727	NaN	NaN	NaN	NaN	NaN	NaN	NaN	NaN	NaN	NaN	NaN	NaN	NaN	NaN	NaN	NaN	NaN	NaN	NaN	NaN	NaN	NaN	NaN	NaN	NaN	NaN	NaN	NaN	NaN	NaN	NaN	NaN	NaN	NaN	NaN	NaN	NaN
9.2061	NaN	NaN	NaN	NaN	NaN	NaN	NaN	NaN	NaN	NaN	NaN	NaN	NaN	NaN	NaN	NaN	NaN	NaN	NaN	NaN	NaN	NaN	NaN	NaN	NaN	NaN	NaN	NaN	NaN	NaN	NaN	NaN	NaN	NaN	NaN	NaN	NaN
9.3395	NaN	NaN	NaN	NaN	NaN	NaN	NaN	NaN	NaN	NaN	NaN	NaN	NaN	NaN	NaN	NaN	NaN	NaN	NaN	NaN	NaN	NaN	NaN	NaN	NaN	NaN	NaN	NaN	NaN	NaN	NaN	NaN	NaN	NaN	NaN	NaN	NaN
