x	Y_20180130_15100b_10_11g	Y_20180130_15100b_10_13g	Y_20180130_15100b_11_8g	Y_20180130_15100b_13_10g	Y_20180130_15100b_13_12g	Y_20180130_15100b_13_1g	Y_20180130_15100b_14_1g	Y_20180130_15100b_14_3g	Y_20180130_15100b_15_3g	Y_20180130_15100b_16_4g	Y_20180130_15100b_16_6g	Y_20180130_15100b_18_7g	Y_20180130_15100b_19_11g	Y_20180130_15100b_19_1g	Y_20180130_15100b_20_15g	Y_20180130_15100b_21_14g	Y_20180130_15100b_21_3g	Y_20180130_15100b_21_4g	Y_20180130_15100b_23_2g	Y_20180130_15100b_24_7g	Y_20180130_15100b_2_6g	Y_20180130_15100b_3_11g	Y_20180130_15100b_4_10g	Y_20180130_15100b_4_14g	Y_20180130_15100b_6_9g	Y_20180130_15100b_7_13g	Y_20180130_15100b_7_4g	Y_20180130_15100b_8_6g	Y_20180130_15100b_9_15g
0	11541.283	11149.917	11823.888	12438.11	13359.811	11105.9	12084.73	10737.56	11962.223	13217.742	14981.891	12650.4	11907.007	11628.42	13934.324	13004	12374.759	11010.429	12937.297	15261.514	12527.753	10171.758	11004.324	12515.127	10609.583	11669.721	12506.3	14319.399	10964.138
0.1334	11324.887	12076.874	12289.417	13128.113	13359.925	10853.356	12803.644	11120.583	11940.078	12882.675	16411.721	13516.963	14169.591	11659.788	13898.944	14254.574	13240.242	12844.654	13470.185	16268.177	13383.344	10476.785	12012.545	13604.118	11551.143	12156.906	12989.426	14260.968	12014.069
0.2668	12043.024	13375.771	12993.562	14593.62	13744.235	13102.955	13173.61	13577.255	12827.633	13755.061	16376.087	14018.643	17833.605	11984.619	13790.162	18384.527	14178.121	15202.29	14209.24	18267.445	13555.157	11364.905	13372.458	16193.369	13367.154	13205.562	13586.047	15511.917	13261.444
0.4003	13761.281	14645.935	13642.189	17542.834	15169.834	13747.422	13925.64	14657.646	15793.524	15740.367	15451.143	15937.117	20818.125	12956.427	15618.789	22190.227	16068.396	15954.349	17387.686	17602.002	15292.066	11864.676	14807.944	18620.455	15350.79	15666.585	16068.15	15924.395	14295.534
0.5337	14902.103	15244.398	13598.013	19195.68	17455.701	16756.121	15028.403	14088.393	17943.502	20331.527	15422.452	16827.092	20155.057	13603.288	18042.576	22974.6	17393.793	14863.397	17277.59	18551.668	16340.799	14004.956	15422.269	19315.467	15415.686	16270.829	17688.35	17409.557	17520.527
0.6671	16401.574	14237.835	13324.634	17951.527	17761.246	16439.514	14423.782	14072.794	19633.295	20689.57	15715.582	16060.913	18102.293	14555.197	20622.006	20135.877	17031.076	14988.138	16033.087	18765.445	16251.478	14237.271	14638.706	17327.453	14206.496	15147.79	16123.081	18229.271	16976.676
0.8005	15950.142	14380.911	14533.836	16402.018	17454.859	15455.863	13877.555	14030.284	17452.875	20832.168	14891.387	14566.387	15733.922	14283.043	19717.463	18620.947	17158.484	14684.675	15964.157	17670.736	15882.057	14034.789	14161.282	15557.96	14429.494	14502.627	15034.653	17201.936	15122.19
0.934	14979.89	13786.555	14434.182	15033.189	15748.545	15982.777	13630.87	13310.686	16148.665	18385.264	14692.784	14802.421	15508.002	13556.724	18306.406	16204.823	16526.297	14438.523	16850.307	15882.984	15463.346	13555.485	13950.999	14546.888	14145.705	15103.862	14373.62	15268.615	15788.261
1.0674	15080.85	13735.885	15301.735	15537.681	14927.166	15590.544	13112.087	13295.98	15356.882	18589.602	14321.212	13243.993	15003.408	14225.979	17644.486	16625.227	17411.062	13870.885	16376.562	15591.643	14897.138	14236.928	14016.075	14504.533	13950.671	14108.246	14596.269	14436.903	15983.949
1.2008	15336.944	14276.047	14428.996	15875.876	14797.039	16828.646	13592.239	14212.416	14998.463	16264.714	14216.466	13287.726	14302.758	13615.517	17888.592	15533.769	15735.516	13138.103	16109.26	15063.918	14576.675	14357.591	15020.6	14682.231	13879.083	14546.232	14203.733	14425.004	14717.19
1.3342	16147.691	13615.636	14409.721	15645.336	14567.814	14823.226	13796.397	12900.651	14778.179	16582.988	13481.931	13192.892	14173.601	12996.402	17927.723	14603.677	15344.109	12478.178	15538.082	14852.291	14618.595	13817.479	15579.911	14102.013	13659.207	14325.19	14640.102	13753	14868.727
1.4676	15754.805	13808.003	13726.916	15126.911	14287.347	14008.628	13646.442	14093.793	13738.727	15407.265	12939.315	13320.795	13892.305	12309.101	16585.809	15871.896	15216.831	12981.21	15368.002	14568.602	14578.336	13647.87	15355.134	13244.919	13009.393	13184.728	14321.746	13833.919	14332.56
1.6011	15725.626	13934.738	13359.07	14706.877	13931.649	14541.556	12814.073	13584.381	14767.077	14909.946	12523.491	13332.164	13340.344	12471.396	15973.33	14938.723	14858.934	12050.979	15756.65	13944.531	15255.825	14382.408	16304.814	13735.604	13030.705	12265.26	14263.731	13135.993	13782.799
1.7345	16888.27	13525.881	12993.24	14951.265	14835.555	14072.049	12369.498	14109.303	13423.748	14647.858	12236.323	13374.501	12676.858	11665.358	15675.855	13688.233	13877.464	11870.796	15761.77	13496.262	16208.22	13907.271	15972.684	14153.935	12667.754	12611.416	13198.559	12658.076	14102.301
1.8679	16471.807	12524.566	13506.714	14606.157	14329.727	13458.257	12379.34	14532.608	13130.82	14512.85	12384.659	12243.62	12464.559	11976.826	14621.806	13813.058	14140.932	11604.588	14482.361	12890.396	17247.762	13665.085	15286.372	13724.095	12313.729	12685.874	12514.942	13776.528	13872.182
2.0013	16367.952	12484.796	13638.606	14015.573	14796.37	13548.946	12028.805	14674.916	13549.678	14528.162	NaN	12516.551	12804.225	12223.986	14211.828	13709.191	13255.865	11514.575	14196.142	13559.337	15877.109	12743.531	14481.542	13451.762	12518.142	12939.824	12130.434	13799.82	13857.002
2.1348	14559.579	11919.158	13276.33	13212.663	13281.8	13208.96	12241.381	13522.916	13915.52	13533.893	NaN	12112.163	12393.269	11965.414	13201.095	12487.845	12974.873	11539.467	13688.034	12852.566	14002.662	12782.381	13145.879	13148.428	12170.899	12995.255	12125.983	13104.919	13147.315
2.2682	14248.514	11710.569	12921.197	13083.901	12778.64	13314.362	12614.858	13424.108	14022.6	12726.726	NaN	12206.241	NaN	11489.644	12866.968	11996.782	12669.029	11577.326	13587.429	12516.351	13735.437	13093.14	13120.742	12450.981	12421.47	12600.364	12001.249	13582.872	12564.695
2.4016	14040.486	12070.103	13419.773	13127.811	13200.695	13192.58	12041.764	12574.224	13429.338	12903.402	NaN	13047.472	NaN	11186.998	12461.424	12221.516	12428.762	NaN	14006.708	13214.996	13942.933	13561.771	NaN	12100.197	NaN	12381.687	12159.066	12761.278	12368.932
2.535	13125.797	NaN	13988.731	NaN	12740.6	13013.503	12145.763	NaN	12480.84	12072.402	NaN	12503.746	NaN	11267.848	11676.406	NaN	NaN	NaN	NaN	NaN	13112.698	13568.373	NaN	NaN	NaN	NaN	12696.283	12642.597	13560.224
2.6684	NaN	NaN	13398.158	NaN	NaN	NaN	12796.553	NaN	12162.688	11891.544	NaN	NaN	NaN	NaN	11108.351	NaN	NaN	NaN	NaN	NaN	NaN	NaN	NaN	NaN	NaN	NaN	NaN	NaN	12892.143
2.8019	NaN	NaN	12169.296	NaN	NaN	NaN	NaN	NaN	12103.679	11874.212	NaN	NaN	NaN	NaN	NaN	NaN	NaN	NaN	NaN	NaN	NaN	NaN	NaN	NaN	NaN	NaN	NaN	NaN	NaN
2.9353	NaN	NaN	12582.577	NaN	NaN	NaN	NaN	NaN	NaN	11954.327	NaN	NaN	NaN	NaN	NaN	NaN	NaN	NaN	NaN	NaN	NaN	NaN	NaN	NaN	NaN	NaN	NaN	NaN	NaN
3.0687	NaN	NaN	12509.411	NaN	NaN	NaN	NaN	NaN	NaN	NaN	NaN	NaN	NaN	NaN	NaN	NaN	NaN	NaN	NaN	NaN	NaN	NaN	NaN	NaN	NaN	NaN	NaN	NaN	NaN
3.2021	NaN	NaN	NaN	NaN	NaN	NaN	NaN	NaN	NaN	NaN	NaN	NaN	NaN	NaN	NaN	NaN	NaN	NaN	NaN	NaN	NaN	NaN	NaN	NaN	NaN	NaN	NaN	NaN	NaN
3.3356	NaN	NaN	NaN	NaN	NaN	NaN	NaN	NaN	NaN	NaN	NaN	NaN	NaN	NaN	NaN	NaN	NaN	NaN	NaN	NaN	NaN	NaN	NaN	NaN	NaN	NaN	NaN	NaN	NaN
3.469	NaN	NaN	NaN	NaN	NaN	NaN	NaN	NaN	NaN	NaN	NaN	NaN	NaN	NaN	NaN	NaN	NaN	NaN	NaN	NaN	NaN	NaN	NaN	NaN	NaN	NaN	NaN	NaN	NaN
3.6024	NaN	NaN	NaN	NaN	NaN	NaN	NaN	NaN	NaN	NaN	NaN	NaN	NaN	NaN	NaN	NaN	NaN	NaN	NaN	NaN	NaN	NaN	NaN	NaN	NaN	NaN	NaN	NaN	NaN
3.7358	NaN	NaN	NaN	NaN	NaN	NaN	NaN	NaN	NaN	NaN	NaN	NaN	NaN	NaN	NaN	NaN	NaN	NaN	NaN	NaN	NaN	NaN	NaN	NaN	NaN	NaN	NaN	NaN	NaN
3.8692	NaN	NaN	NaN	NaN	NaN	NaN	NaN	NaN	NaN	NaN	NaN	NaN	NaN	NaN	NaN	NaN	NaN	NaN	NaN	NaN	NaN	NaN	NaN	NaN	NaN	NaN	NaN	NaN	NaN
4.0027	NaN	NaN	NaN	NaN	NaN	NaN	NaN	NaN	NaN	NaN	NaN	NaN	NaN	NaN	NaN	NaN	NaN	NaN	NaN	NaN	NaN	NaN	NaN	NaN	NaN	NaN	NaN	NaN	NaN
