x	Y_20180130_15100_1_2g	Y_20180130_15100_1_5g	Y_20180130_15100_1_8g	Y_20180130_15100_2_8g	Y_20180130_15100_3_15g	Y_20180130_15100_3_18g	Y_20180130_15100_3_21g	Y_20180130_15100_3_22g	Y_20180130_15100_3_7g	Y_20180130_15100_3_8g	Y_20180130_15100_4_12g	Y_20180130_15100_4_16g	Y_20180130_15100_4_2g	Y_20180130_15100_4_5g	Y_20180130_15100_4_7g	Y_20180130_15100_4_9g	Y_20180130_15100_5_16_1g	Y_20180130_15100_5_20g	Y_20180130_15100_5_21g	Y_20180130_15100_5_22g	Y_20180130_15100_5_26g	Y_20180130_15100_5_7g	Y_20180130_15100_5_9_2g	Y_20180130_15100_6_10g	Y_20180130_15100_6_15g	Y_20180130_15100_6_4g	Y_20180130_15100_6_7g	Y_20180130_15100_7_3g	Y_20180130_15100_7_8g
0	11327.644	11260.525	11907.8	11649.849	12187.5	11480.275	13103.146	11890.444	10139.758	12570.167	12593.455	12991.791	14378.332	11288.801	13472.829	12113.319	13021.729	14481.788	13619.624	12403.358	13283.023	12686.435	13502.26	11812.45	12710.015	11138.076	11352.679	11526.988	12121.709
0.1334	11207.96	13299.469	12385.25	12831.618	13633.829	12877.297	14454.572	13040.701	12074.812	12369.444	13451.6	11870.257	17795.818	11676.935	15366.725	12880.429	14478.968	16047.407	14007.579	13780.181	15030.077	14110.746	14127.848	12946.242	12990.546	11749.84	12009.156	12230.682	14098.521
0.2668	12903.9	18456.926	12685.24	15047.522	16962.803	16797.605	16706.791	16040.662	13924.107	13399.959	14306.889	13522.779	20940.277	12651.177	18928.352	14291.742	16480.846	18321.355	15232.94	14866.059	17029.494	18511.281	15380.755	14283.383	14748.924	12925.018	13335.333	12904.507	14366.551
0.4003	16334.959	26969.441	13700.388	18925.848	17197.902	18335.996	17062.293	17119.316	17224.309	14692.687	16469.234	15633.587	21190.844	16177.09	18316.125	16334.849	17203.365	20621.076	16942.82	16243.109	18346.6	21257.699	16616.947	15436.131	16726.881	15557.161	14312.393	13160.128	15098.404
0.5337	19866.479	30147.316	15553.534	21826.355	15979.21	16841.885	16895.367	16773.189	17658.559	15387.588	15958.13	16968.398	19624.371	19591.734	16451.982	16090.343	16463.824	19298.762	19274.037	15042.057	16378.503	20445.264	20187.35	19831.379	16027.51	16730.355	13937.894	14276.396	18006.941
0.6671	18888.391	25983.467	15355.916	20794.873	13805.18	15152.26	13840.27	15376.793	15672.492	18359.297	13953.114	16614.854	16889.039	19963.625	13703.359	15021.006	15407.743	17183.209	19810.012	14927.127	14205.941	16647.053	19316.418	21752.752	15837.949	15519.698	12375.522	14757.914	20504.182
0.8005	15931.185	19953.23	14130.058	17572.193	12834.82	14423.827	12999.854	14039.554	14283.949	17573.473	14074.231	14254.735	15954.622	17998.674	12295.79	13664.033	15089.612	15721.08	18495.551	14396.597	12749.776	15370.507	18774.988	20796.24	13800.751	14685.755	12398.2	14073.937	19757.152
0.934	14389.136	17057.268	12805.184	15550.632	13167.091	14705.525	12460.164	13045.459	14255.854	16548.773	13736.471	13462.698	16179.408	15562.616	12459.69	13359.923	14333.659	13423.726	16132.451	13801.325	11613.292	16372.762	18257.236	19029.787	12840.214	12949.498	12410.348	13655.116	17660.111
1.0674	15561.914	15674.319	12495.729	14144.385	13012.292	13554.837	12350.495	12248.307	13460.34	16791.65	12810.358	12953.943	14690.288	14307.081	11990.638	13356.007	13809.304	12996.249	13684.355	13295.581	12471.895	18433.156	16904.92	17092.26	12844.006	12596.673	11844.571	13205.315	16793.188
1.2008	15436.981	16038.395	11729.115	14275.468	13134.399	13259.12	12278.489	11997.326	12871.845	16854.932	13285.008	12275.011	14100.775	13566.827	12535.45	13715.312	14251.579	12875.786	13126.221	13975.462	12648.437	19502.721	15747.353	18233.615	13074.646	12965.052	12585.209	13068.669	15044.56
1.3342	15986	18461.539	13357.91	14754.203	13377.448	13031.197	12343.781	12069.27	13706.753	18228.164	15063.98	12609.812	13961.069	13581.074	12924.205	14176.459	14048.395	13865.469	13170.234	15265.666	12932.662	20100.314	16360.698	18006.453	13648.542	12775.576	12682.152	12960.589	14945.56
1.4676	15980.296	21305.404	14264.905	14373.09	13764.107	13723.312	12292.033	11716.704	15156.429	16478.727	15221.948	12911.424	13174.615	13645.513	13386.61	13250.34	13181.961	14055.694	12912.573	15157.041	12968.944	19176.391	16350.097	17443.666	13623.357	12409.566	13998.12	13085.843	14040.28
1.6011	15652.699	21567.809	13499.655	14525.356	14800.423	13128.975	12522.429	11748.037	16391.541	15536.21	16209.688	12087.661	12561.502	13933.138	12459.18	13178.508	13259.151	15479.982	13726.175	14612.573	13552.276	17215.703	16145.362	17319.816	13622.239	12353.766	14731.344	12535.281	15121.091
1.7345	15347.349	19527.262	15131.856	14507.053	14267.472	13047.119	13276.965	13137.685	16791.58	18907.438	17091.152	11592.726	12512.96	14880.653	11877.253	12564.466	12914.433	16191.447	14363.192	13532.024	15474.383	16191.434	14225.563	18929.418	13014.335	13081.239	14784.314	12053.022	15707.146
1.8679	14697.719	19536.375	16129.485	15164.527	14126.443	11561.817	12653.963	12384.9	15164.118	19537.969	17773.254	11597.701	12713.558	15182.863	12538.344	12573.958	12821.711	16048.904	14114.522	13277.134	16555.488	15834.696	14077.055	20507.348	13186.381	12265.695	13963.92	12152.555	14449.912
2.0013	14304.009	18922.842	16174.896	14943.789	14379.966	11710.43	13969.58	12304.072	14360.778	18269.652	15778.364	11387.522	12483.505	13922.013	11966.398	11985.142	13227.636	15356.096	13782.744	12691.807	14248.374	16860.529	14122.39	19191.193	13336.839	11868.89	13792.185	11948.852	13527.139
2.1348	14284.045	18374.438	15698.852	14663.875	13796.135	12054.813	12980.539	12003.82	13209.753	15054.021	14385.854	11433.672	13451.032	13155.602	11964.95	11472.051	13774.145	13574.601	13434.047	11660.317	12302.74	15402.782	13633.755	19144.873	13584.646	12886.135	13031.817	11968.209	12463.97
2.2682	13914.765	17388.354	14171.475	13648.575	12588.846	12956.147	12375.213	11701.591	12964.861	14102.69	13179.823	11773.819	13422.361	12315.256	11946.579	11178.728	13537.642	13179.232	13371.947	11626.521	11997.008	14662.512	13565.555	18538.863	13057.347	12356.478	12718.389	12426.958	12408.19
2.4016	12988.423	15680.024	13507.809	12639.446	12067.588	13972.625	12206.491	11777.955	12665.646	13412.671	13062.492	11286.827	13215.927	12150.834	11897.238	10966.167	12650.518	12824.465	13007.515	12418.441	12253.62	14138.72	14455.512	16917.781	12745.106	11893.129	12733.607	12295.938	12364.235
2.535	12867.533	13724.26	12345.805	12573.699	12744.892	13508.696	12608.86	11668.986	12566.692	13273.82	11063.417	11682.615	13806.929	12009.417	NaN	11063.838	11795.229	12387.043	13082.975	11981.899	11906.707	NaN	13513.955	15603.707	12490.645	11338.963	12720.066	12580.419	11545.401
2.6684	12728.732	13557.119	12860.771	11800.681	12114.518	13058.983	13236.74	12309.633	11681.734	13106.879	10842.921	11621.641	NaN	11906.601	NaN	10943.997	NaN	12481.075	12400.768	NaN	NaN	NaN	NaN	15373.54	12377.896	11343.008	12280.49	12743.136	11833.64
2.8019	12405.364	13061.91	NaN	NaN	12209.488	12763.013	NaN	NaN	12006.763	13277.012	11245.681	NaN	NaN	11835.913	NaN	NaN	NaN	NaN	12128.905	NaN	NaN	NaN	NaN	14115.735	NaN	11815.33	12599.98	12902.725	11591.109
2.9353	12003.738	NaN	NaN	NaN	NaN	NaN	NaN	NaN	NaN	13271.762	NaN	NaN	NaN	NaN	NaN	NaN	NaN	NaN	11887.772	NaN	NaN	NaN	NaN	13423.352	NaN	NaN	NaN	NaN	NaN
3.0687	NaN	NaN	NaN	NaN	NaN	NaN	NaN	NaN	NaN	12620.685	NaN	NaN	NaN	NaN	NaN	NaN	NaN	NaN	11948.341	NaN	NaN	NaN	NaN	13663.123	NaN	NaN	NaN	NaN	NaN
3.2021	NaN	NaN	NaN	NaN	NaN	NaN	NaN	NaN	NaN	12421.688	NaN	NaN	NaN	NaN	NaN	NaN	NaN	NaN	NaN	NaN	NaN	NaN	NaN	14018.132	NaN	NaN	NaN	NaN	NaN
3.3356	NaN	NaN	NaN	NaN	NaN	NaN	NaN	NaN	NaN	12192.422	NaN	NaN	NaN	NaN	NaN	NaN	NaN	NaN	NaN	NaN	NaN	NaN	NaN	NaN	NaN	NaN	NaN	NaN	NaN
3.469	NaN	NaN	NaN	NaN	NaN	NaN	NaN	NaN	NaN	12851.778	NaN	NaN	NaN	NaN	NaN	NaN	NaN	NaN	NaN	NaN	NaN	NaN	NaN	NaN	NaN	NaN	NaN	NaN	NaN
3.6024	NaN	NaN	NaN	NaN	NaN	NaN	NaN	NaN	NaN	NaN	NaN	NaN	NaN	NaN	NaN	NaN	NaN	NaN	NaN	NaN	NaN	NaN	NaN	NaN	NaN	NaN	NaN	NaN	NaN
3.7358	NaN	NaN	NaN	NaN	NaN	NaN	NaN	NaN	NaN	NaN	NaN	NaN	NaN	NaN	NaN	NaN	NaN	NaN	NaN	NaN	NaN	NaN	NaN	NaN	NaN	NaN	NaN	NaN	NaN
3.8692	NaN	NaN	NaN	NaN	NaN	NaN	NaN	NaN	NaN	NaN	NaN	NaN	NaN	NaN	NaN	NaN	NaN	NaN	NaN	NaN	NaN	NaN	NaN	NaN	NaN	NaN	NaN	NaN	NaN
4.0027	NaN	NaN	NaN	NaN	NaN	NaN	NaN	NaN	NaN	NaN	NaN	NaN	NaN	NaN	NaN	NaN	NaN	NaN	NaN	NaN	NaN	NaN	NaN	NaN	NaN	NaN	NaN	NaN	NaN
4.1361	NaN	NaN	NaN	NaN	NaN	NaN	NaN	NaN	NaN	NaN	NaN	NaN	NaN	NaN	NaN	NaN	NaN	NaN	NaN	NaN	NaN	NaN	NaN	NaN	NaN	NaN	NaN	NaN	NaN
4.2695	NaN	NaN	NaN	NaN	NaN	NaN	NaN	NaN	NaN	NaN	NaN	NaN	NaN	NaN	NaN	NaN	NaN	NaN	NaN	NaN	NaN	NaN	NaN	NaN	NaN	NaN	NaN	NaN	NaN
4.4029	NaN	NaN	NaN	NaN	NaN	NaN	NaN	NaN	NaN	NaN	NaN	NaN	NaN	NaN	NaN	NaN	NaN	NaN	NaN	NaN	NaN	NaN	NaN	NaN	NaN	NaN	NaN	NaN	NaN
4.5363	NaN	NaN	NaN	NaN	NaN	NaN	NaN	NaN	NaN	NaN	NaN	NaN	NaN	NaN	NaN	NaN	NaN	NaN	NaN	NaN	NaN	NaN	NaN	NaN	NaN	NaN	NaN	NaN	NaN
4.6698	NaN	NaN	NaN	NaN	NaN	NaN	NaN	NaN	NaN	NaN	NaN	NaN	NaN	NaN	NaN	NaN	NaN	NaN	NaN	NaN	NaN	NaN	NaN	NaN	NaN	NaN	NaN	NaN	NaN
4.8032	NaN	NaN	NaN	NaN	NaN	NaN	NaN	NaN	NaN	NaN	NaN	NaN	NaN	NaN	NaN	NaN	NaN	NaN	NaN	NaN	NaN	NaN	NaN	NaN	NaN	NaN	NaN	NaN	NaN
4.9366	NaN	NaN	NaN	NaN	NaN	NaN	NaN	NaN	NaN	NaN	NaN	NaN	NaN	NaN	NaN	NaN	NaN	NaN	NaN	NaN	NaN	NaN	NaN	NaN	NaN	NaN	NaN	NaN	NaN
