x	Y_20180130_15100_1_1g	Y_20180130_15100_1_6g	Y_20180130_15100_2_10g	Y_20180130_15100_2_14g	Y_20180130_15100_2_1g	Y_20180130_15100_2_3g	Y_20180130_15100_2_4g	Y_20180130_15100_2_7g	Y_20180130_15100_2_9g	Y_20180130_15100_3_12g	Y_20180130_15100_3_14g	Y_20180130_15100_3_19g	Y_20180130_15100_3_5g	Y_20180130_15100_4_3g	Y_20180130_15100_4_6g	Y_20180130_15100_5_10_1g	Y_20180130_15100_5_12g	Y_20180130_15100_5_16_2g	Y_20180130_15100_5_19g	Y_20180130_15100_5_24g	Y_20180130_15100_5_3g	Y_20180130_15100_5_6g	Y_20180130_15100_5_8g	Y_20180130_15100_6_11_1g	Y_20180130_15100_6_1g	Y_20180130_15100_7_12g	Y_20180130_15100_7_1g	Y_20180130_15100_7_4g	Y_20180130_15100_7_5g
0	15092.388	15725.052	14962.868	14172.295	14796.33	15225.123	17189.432	14978.854	16088.351	15689.71	15996.368	16728.975	15699.246	15631.209	16618.166	16129.83	16254.803	15229.8	15683.19	17069.398	15796.309	15812.048	15129.824	15069.591	15954.684	17465.146	14740.607	14202.367	16973.066
0.1334	15284.896	15124.847	14109.593	14185.204	14696.63	14865.943	17190.15	14745.692	16326.38	14969.206	16233.589	15651.562	15507.898	15846.681	16090.522	16090.695	15686.678	14672.418	15093.372	16840.902	15227.661	16404.867	15791.172	14864.134	14904.473	16066.253	14782.814	14030.979	16912.656
0.2668	15479.411	15321.707	13991.625	14361.634	14229.104	15294.604	15962.811	14506.789	15380.665	15811.409	15964.001	15065.289	15429.199	16023.304	16500.92	16399.447	15746.628	14727.649	15914.233	16254.707	15991.914	15673.721	15202.389	15470.342	15786.183	16676.328	15457.866	13866.473	16466.246
0.4003	14485.648	15140.479	14664.349	14461.584	14700.808	16089.425	15796.857	14368.427	15939.396	15598.92	15828.718	15982.33	16353.908	15833.015	15969.701	15739.934	15177.528	14743.682	15555.083	16312.741	14781.975	15008.824	15689.013	15256.954	14904	16943.184	14921.963	14108.303	16614.826
0.5337	14955.519	15326.003	13653.328	14121.322	14651.779	14885.149	16233.965	14726.798	16152.503	15999.56	16131.61	16019.414	14941.631	15654.917	16467.201	15861.367	15488.489	14656.021	15109.134	16407.492	16225.935	15908.594	15994.383	15089.959	14576.476	16586.436	16368.646	14284.043	16389.867
0.6671	15512.033	14520.499	13663.686	14031.729	15024.996	14704.377	16123.644	14318.783	15649.294	16349.447	15577.525	15950.75	14792.708	16199.666	16792.859	17033.057	15498.137	15768.254	15955.812	15706.737	14990.529	16463.84	16218.793	15251.181	14934.476	16773.787	16803.824	14487.623	17528.547
0.8005	15735.019	14976.24	13896.378	14654.848	15098.689	15379.908	16624.156	14111.597	16126.199	16396.496	16568.488	15335.252	16473.242	16715.553	16091.317	15910.041	15161.525	15406.246	15926.366	16285.683	15181.738	16626.377	15462.793	15326.936	15106.405	17358.053	16209.103	14423.97	17887.348
0.934	16334.286	15123.284	14830.279	14588.212	15225.252	14948.199	16594.389	14749.65	16579.191	15688.392	15921.441	16222.839	16418.639	16934.816	15607.724	16067.133	16128.176	15726.882	15725.033	15031.083	15559.043	16387.184	15479.863	15559.035	13997.858	16107.904	15935.358	13961.416	16914.883
1.0674	17268.047	15499.157	16172.004	14477	15428.914	15333.318	16866.123	15718.139	17458.84	16398.293	16930.766	16298.556	18206.729	17508.314	16181.756	17302.496	15990.154	18408.809	15435.516	16020.081	15430.619	16110.702	15209.181	16768.881	15851.812	16365.362	16789.252	14770.916	16269.937
1.2008	18653.523	15941.045	18731.459	15049.499	15657.684	15414.653	17667.977	17218.059	18012.697	15609.866	16261.094	15766.999	20900.334	19195.785	15540.364	18821.328	15789.611	20992.637	15751.821	17767.979	17252.662	15618.2	15430.357	17322.754	15119.335	18130.84	17796.678	15136.42	17632.197
1.3342	23089.965	17085.338	25639.443	17422.711	17579.865	15682.399	20580.732	19469.24	20477.068	16555.213	17094.199	16734.656	25899.465	23242.643	16150.745	25415.775	16197.259	24878.365	15646.728	20350.688	20957.738	16415.375	17073.488	21017.971	15840.333	19998.309	17417.207	14419.487	18448.045
1.4676	30570.666	17965.43	33568.789	22222.92	22003.855	15955.992	25797.467	25912.557	26311.678	16644.422	17409.07	17207.814	37168.504	32904.383	18593.324	37023.438	16143.329	22995.549	17525.195	26758.74	28144.795	19288.824	17461.455	28076.992	15371.856	23425.836	19746.643	15121.105	20178.84
1.6011	33331.422	23816.516	33906.578	30284.271	30391.475	17136.592	39595.867	36978.293	36539.148	19186.986	19712.91	18437.574	49561.078	36429.422	23446.977	48562.98	18668.797	18329.848	20771.676	36498.18	39044.336	21636.525	20706.207	39264.547	17495.178	30973.43	24999.777	16595.65	24068.4
1.7345	27042.184	32415.859	24535.441	33972.613	33752.797	22689.619	55030.195	40626.262	36975.277	25746.641	23531.818	20606.586	40169.18	28995.211	31207.924	45247.555	24877.66	15844.094	27460.057	34968.395	36064.234	28501.992	26254.701	41008.793	20835.84	32429.051	38042.723	18319.711	29305.049
1.8679	19668.324	39018.973	20094.812	27117.311	28385.59	30382.178	50262.008	31552.783	29570.307	38942.023	32903.109	28514.955	26655.969	20910.529	33839.438	32463.568	34621.473	15964.016	29438.568	26268.635	25468.387	35735.867	31945.842	29592.607	30245.379	24836.807	54453.926	24221.576	27561.551
2.0013	16609.141	33072.121	16273.957	21341.094	20693.281	33472.809	33455.531	22431.398	22665.67	39714.605	37222.719	40662.305	19942.633	17743.266	27436.412	26423.002	32917.855	NaN	25703.949	19211.703	20138.5	32135.762	30696.195	21195.688	32736.195	19951.062	50746.551	29338.227	21218.039
2.1348	15962.075	23524.316	15404.625	17642.559	16908.367	28967.506	22373.07	18937.59	18896.938	30514.484	30162.947	40146.508	NaN	NaN	22122.293	26418.957	26084.232	NaN	20146.693	18583.828	19307.715	23458.742	24312.734	18222.656	26489.418	18705.992	35947.145	27324.836	19161.184
2.2682	NaN	18046.75	NaN	15144.849	NaN	21581.684	18254.137	16715.834	16808.287	20829.383	22655.85	31420.061	NaN	NaN	19190.014	NaN	20834.756	NaN	18094.781	NaN	NaN	18897.438	20009.359	NaN	19705.182	19052.059	27778.533	22865.391	16540.898
2.4016	NaN	NaN	NaN	NaN	NaN	16636.035	17083.084	15599.657	NaN	18569.166	19269.621	23171.805	NaN	NaN	18105.727	NaN	18241.551	NaN	16396.846	NaN	NaN	17519.562	NaN	NaN	17707.062	NaN	NaN	17413.559	NaN
2.535	NaN	NaN	NaN	NaN	NaN	15892.824	NaN	NaN	NaN	16688.525	17009.479	19450.098	NaN	NaN	17402.953	NaN	NaN	NaN	16941.152	NaN	NaN	NaN	NaN	NaN	16860.4	NaN	NaN	NaN	NaN
2.6684	NaN	NaN	NaN	NaN	NaN	NaN	NaN	NaN	NaN	NaN	NaN	17882.59	NaN	NaN	NaN	NaN	NaN	NaN	NaN	NaN	NaN	NaN	NaN	NaN	14998.001	NaN	NaN	NaN	NaN
2.8019	NaN	NaN	NaN	NaN	NaN	NaN	NaN	NaN	NaN	NaN	NaN	NaN	NaN	NaN	NaN	NaN	NaN	NaN	NaN	NaN	NaN	NaN	NaN	NaN	NaN	NaN	NaN	NaN	NaN
2.9353	NaN	NaN	NaN	NaN	NaN	NaN	NaN	NaN	NaN	NaN	NaN	NaN	NaN	NaN	NaN	NaN	NaN	NaN	NaN	NaN	NaN	NaN	NaN	NaN	NaN	NaN	NaN	NaN	NaN
3.0687	NaN	NaN	NaN	NaN	NaN	NaN	NaN	NaN	NaN	NaN	NaN	NaN	NaN	NaN	NaN	NaN	NaN	NaN	NaN	NaN	NaN	NaN	NaN	NaN	NaN	NaN	NaN	NaN	NaN
3.2021	NaN	NaN	NaN	NaN	NaN	NaN	NaN	NaN	NaN	NaN	NaN	NaN	NaN	NaN	NaN	NaN	NaN	NaN	NaN	NaN	NaN	NaN	NaN	NaN	NaN	NaN	NaN	NaN	NaN
3.3356	NaN	NaN	NaN	NaN	NaN	NaN	NaN	NaN	NaN	NaN	NaN	NaN	NaN	NaN	NaN	NaN	NaN	NaN	NaN	NaN	NaN	NaN	NaN	NaN	NaN	NaN	NaN	NaN	NaN
3.469	NaN	NaN	NaN	NaN	NaN	NaN	NaN	NaN	NaN	NaN	NaN	NaN	NaN	NaN	NaN	NaN	NaN	NaN	NaN	NaN	NaN	NaN	NaN	NaN	NaN	NaN	NaN	NaN	NaN
3.6024	NaN	NaN	NaN	NaN	NaN	NaN	NaN	NaN	NaN	NaN	NaN	NaN	NaN	NaN	NaN	NaN	NaN	NaN	NaN	NaN	NaN	NaN	NaN	NaN	NaN	NaN	NaN	NaN	NaN
3.7358	NaN	NaN	NaN	NaN	NaN	NaN	NaN	NaN	NaN	NaN	NaN	NaN	NaN	NaN	NaN	NaN	NaN	NaN	NaN	NaN	NaN	NaN	NaN	NaN	NaN	NaN	NaN	NaN	NaN
3.8692	NaN	NaN	NaN	NaN	NaN	NaN	NaN	NaN	NaN	NaN	NaN	NaN	NaN	NaN	NaN	NaN	NaN	NaN	NaN	NaN	NaN	NaN	NaN	NaN	NaN	NaN	NaN	NaN	NaN
4.0027	NaN	NaN	NaN	NaN	NaN	NaN	NaN	NaN	NaN	NaN	NaN	NaN	NaN	NaN	NaN	NaN	NaN	NaN	NaN	NaN	NaN	NaN	NaN	NaN	NaN	NaN	NaN	NaN	NaN
4.1361	NaN	NaN	NaN	NaN	NaN	NaN	NaN	NaN	NaN	NaN	NaN	NaN	NaN	NaN	NaN	NaN	NaN	NaN	NaN	NaN	NaN	NaN	NaN	NaN	NaN	NaN	NaN	NaN	NaN
4.2695	NaN	NaN	NaN	NaN	NaN	NaN	NaN	NaN	NaN	NaN	NaN	NaN	NaN	NaN	NaN	NaN	NaN	NaN	NaN	NaN	NaN	NaN	NaN	NaN	NaN	NaN	NaN	NaN	NaN
4.4029	NaN	NaN	NaN	NaN	NaN	NaN	NaN	NaN	NaN	NaN	NaN	NaN	NaN	NaN	NaN	NaN	NaN	NaN	NaN	NaN	NaN	NaN	NaN	NaN	NaN	NaN	NaN	NaN	NaN
4.5363	NaN	NaN	NaN	NaN	NaN	NaN	NaN	NaN	NaN	NaN	NaN	NaN	NaN	NaN	NaN	NaN	NaN	NaN	NaN	NaN	NaN	NaN	NaN	NaN	NaN	NaN	NaN	NaN	NaN
4.6698	NaN	NaN	NaN	NaN	NaN	NaN	NaN	NaN	NaN	NaN	NaN	NaN	NaN	NaN	NaN	NaN	NaN	NaN	NaN	NaN	NaN	NaN	NaN	NaN	NaN	NaN	NaN	NaN	NaN
4.8032	NaN	NaN	NaN	NaN	NaN	NaN	NaN	NaN	NaN	NaN	NaN	NaN	NaN	NaN	NaN	NaN	NaN	NaN	NaN	NaN	NaN	NaN	NaN	NaN	NaN	NaN	NaN	NaN	NaN
4.9366	NaN	NaN	NaN	NaN	NaN	NaN	NaN	NaN	NaN	NaN	NaN	NaN	NaN	NaN	NaN	NaN	NaN	NaN	NaN	NaN	NaN	NaN	NaN	NaN	NaN	NaN	NaN	NaN	NaN
