x	Y_20180212_14590b_1_3g	Y_20180212_14590b_11_9g	Y_20180212_14590b_15_10g	Y_20180212_14590b_15_5g	Y_20180212_14590b_15_8g	Y_20180212_14590b_16_3g	Y_20180212_14590b_16_7g	Y_20180212_14590b_16_8g	Y_20180212_14590b_17_2g	Y_20180212_14590b_17_8g	Y_20180212_14590b_18_7g	Y_20180212_14590b_18_8g	Y_20180212_14590b_19_2g	Y_20180212_14590b_20_2g	Y_20180212_14590b_22_5g	Y_20180212_14590b_23_5g	Y_20180212_14590b_24_1g	Y_20180212_14590b_24_3g	Y_20180212_14590b_24_5g	Y_20180212_14590b_25_2g	Y_20180212_14590b_25_3g	Y_20180212_14590b_26_4g	Y_20180212_14590b_28_6g	Y_20180212_14590b_29_4g	Y_20180212_14590b_3_7g	Y_20180212_14590b_30_1g	Y_20180212_14590b_31_3g	Y_20180212_14590b_35_3g	Y_20180212_14590b_37_1g	Y_20180212_14590b_37_3g	Y_20180212_14590b_38_2g	Y_20180212_14590b_38_3g	Y_20180212_14590b_38_6g	Y_20180212_14590b_39_3g	Y_20180212_14590b_4_8g	Y_20180212_14590b_43_1g	Y_20180212_14590b_45_2g	Y_20180212_14590b_45_3g	Y_20180212_14590b_45_4g	Y_20180212_14590b_47_6g	Y_20180212_14590b_48_1g	Y_20180212_14590b_48_6g	Y_20180212_14590b_5_3g	Y_20180212_14590b_5_7g	Y_20180212_14590b_7_1g	Y_20180212_14590b_7_4g
0	12134.811	14537.607	13868.959	14468.751	12727.554	15148.412	13222.148	12684.294	11666.043	13594.623	15376.728	11686.827	11089.747	14201.06	13035.079	12345.222	12767.961	14682.002	13021.197	15436.017	13422.305	12371.166	11662.749	12638.168	15786.188	13997.095	14309.4	12588.6	14377.125	11852.401	12452.79	13802.207	13508.141	11854.608	13329.058	13465.916	12386.153	13332.646	13558.45	15281.06	15519.081	14915.034	14476.742	13593.303	13711.712	12929.327
0.1334	12644.733	15724.428	15795.303	14802.718	16282.008	15948.242	13925.663	13931.991	11992.669	16411.051	19604.709	12776.326	11996.271	15063.51	14698.332	14631.802	14725.08	16697.395	12842.954	16128.198	15010.839	14445.882	12348.006	13343.52	16373.987	15073.51	16176.801	14409.455	16095.866	12553.396	14372.489	13507.865	14793.98	12848.053	14634.28	14627.775	13492.541	15469.312	14074.948	16206.387	17855.709	15335.272	15144.527	13877.002	15987.42	13179.116
0.2668	14782.197	18008.74	18343.383	17924.18	20147.221	18608.402	15904.81	13948.724	13692.729	19110.988	24722.432	14796.827	13635.985	16608.213	17113.398	16966.906	19373.336	20762.17	13463.005	19057.988	16420.459	18256.961	12842.171	15421.846	18008.84	15875.017	19829.789	18471.75	21262.203	15468.108	16495.154	14831.753	15371.52	13779.018	16344.505	16343.784	17641.695	19895.605	16526.428	22282.889	20866.955	18635.596	18766.287	14427.103	18643.326	15690.274
0.4003	17633.766	24724.787	21716.508	22462.258	21989.842	25222.361	20410.826	15911.173	16802.758	20789.812	25706.787	19275.064	15238.562	20030.898	22274.621	19677.381	25108.242	27046.926	14745.562	21840.734	19359.672	23074.713	14820.745	16946.701	20566.627	19810.314	24492.607	21530.719	29464.896	19046.613	21267.049	15751.158	16146.035	16404.752	18487.402	17577.393	22533.369	25652.275	17484.277	25020.074	26545.398	21380.881	23250.658	18597.439	21557.438	20804.824
0.5337	20590.908	34202.008	21500.111	22244.188	19424.693	36336.086	25754.217	18253.023	19445.66	22357.305	22194.742	22437.594	16545.129	23641.23	26383.883	21489.459	24930.254	27896.805	15894.583	21554.586	22353.807	24193.512	17686.359	16748.328	24807.127	24694.365	28522.633	24629.584	36834.633	21622.199	27336.291	18614.602	16838.922	19978.25	26326.176	21603.906	21450.785	29324.562	20168.957	22159.775	27888.887	24502.205	23842.357	23795.051	23384.346	24261.109
0.6671	20338.42	32013.479	21474.973	20404.527	16265.021	43301.848	25191.189	22175.154	18807.965	23443.953	18346.434	28323.254	16594.602	22641.465	26488.395	22055.684	21282.723	27890.354	17735.225	17992.721	21937.482	22873.113	17962.904	16381.317	26299.627	21361.318	27249.994	22590.818	33323.281	22328.201	29114.701	21599.449	18787.043	19725.68	34005.988	25268.986	18622.033	28731.592	23988.924	20113.113	26639.742	24462.301	22714.951	25916.838	20039.508	24456.59
0.8005	18588.068	26395.414	18875.793	18789.018	15166.992	37700.785	22925.184	24412.258	16914.783	22822.531	16783.045	27743.471	15106.354	21108.486	22321.57	19634.479	18281.873	23571.066	18681.691	18149.738	18737.727	21267.131	17131.65	15643.323	24284.189	20508.361	25028.506	20496.332	25182.363	20970.5	24036.713	24247.271	18104.336	18932.977	33062.355	24119.727	17199.057	24178.838	25202.672	19871.176	23379.201	22334.285	20037.723	24198.611	18091.984	21961.008
0.934	16125.384	22320.994	16540.289	16967.09	15243.035	29584.775	21447.838	19721.547	15369.04	20741.885	14341.027	23004.01	14232.599	19645.805	19886.342	17245.016	16619.949	22750.645	18163.66	18818.875	19051.656	19810.225	14710.749	15759.288	22162.406	20144.863	22582.256	16910.754	19862.707	20510.42	19081.117	22671.547	18123.824	17396.508	27738.754	21973.621	15890.653	18481.629	23387.168	19534.557	20819.973	19669.504	19602.775	21016.736	17853.992	20115.352
1.0674	15984.094	21233.195	16031.457	14771.857	15306.657	26601.463	20950.17	17241.221	14764.926	19362.379	13329.139	19884.027	13848.076	19910.627	18067.418	16503.074	16212.786	19428.559	17582.277	17769.574	18044.283	17556.307	14581.216	14593.247	20115.92	18773.553	19939.107	16737.033	17607.684	20803.25	18708.559	18680.855	18403.725	18534.549	25360.961	21145.674	16557.352	17791.059	20920.975	17969.523	21187.428	18198.824	18364.059	19687.629	17605.816	18204.721
1.2008	15020.847	18560.422	14314.147	16446.197	16283.983	23699.012	18708.545	15972.208	13771.78	17524.629	12962.294	18337.65	14201.74	19224.459	16899.621	15110.481	16250.256	19386.004	17110.818	17251.715	17416.316	16110.4	13212.08	13482.98	18476.504	18268.613	18284.633	15266.594	16509.449	20067.422	17199.555	18014.971	17569.338	17530.723	21677.869	19503.586	15870.09	16861.832	18104.748	17027.436	20815.322	15816.38	16041.082	19232.369	17787	17108.316
1.3342	15311.354	18417.592	13951.819	17303.469	16511.287	22993.066	17668.951	15121.485	13358.444	17378.908	13194.83	16948.016	15184.14	17095.395	16811.648	15430.666	16256.997	17678.805	18954.559	17355.746	15954.698	16790.789	14272.239	14246.463	18354.566	16304.672	18746.184	14842.873	15515.438	17828.221	15932.607	16661.594	15816.954	16666.426	19917.77	18195.229	17016.373	17041.023	17038.008	16398.568	21009.828	14682.993	15087.82	17435.988	17042.197	15672.86
1.4676	14543.114	19874.574	14977.503	16398.99	15932.289	22965.404	18592.705	14916.289	13984.472	17072.068	13072.599	15475.264	15931.433	16061.601	16244.308	15347.317	16205.438	15412.718	17214.643	16485.434	17633.814	16654.291	13887.647	13914.687	18221.012	16245.045	17974.428	14118.008	15520.8	16675.025	14532.098	15891.227	14616.803	16150.794	17961.869	18056.645	18443.602	18158.676	18079.391	15012.835	20600.57	13791.593	14707.908	16770.6	16398.137	16403.596
1.6011	13976.043	19686.293	14996.909	17290.744	14897.535	21762.365	18805.203	14374.664	14508.702	16226.487	12289.7	15191.869	15217.655	17046.842	16630.068	15760.016	16279.929	13864.436	15601.896	18324.402	19149.84	16077.3	13581.569	14850.062	16865.07	15349.388	17805.113	15127.934	14380.447	18120.318	13142.642	15220.335	13599.436	15570.911	16906.289	17934.09	19808.305	18866.098	17727.537	14727.647	20792.281	13726.968	15860.325	16775.064	15894.345	17668.703
1.7345	15245.133	18423.455	15311.636	17732.467	15202.286	21069.383	19704.6	13440.027	13951.698	17047.432	13349.901	15553.809	14499.409	17361.381	16060.756	16627.85	16217.824	14575.684	15588.301	19197.207	21201.381	16644.107	14311.985	16027.863	17385.078	16690.281	19096.65	16791.008	14551.144	17667.855	12945.276	15801.884	14267.028	14101.813	16017.739	18332.701	18593.871	18887.434	19967.021	14272.396	22086.211	13989.746	15989.089	16130.254	16260.604	16922.113
1.8679	16825.012	18427.531	17232.953	18120.996	14978.929	24144.748	21994.184	13623.244	14165.198	17050.674	12436.593	14879.943	15561.5	15418.185	14885.105	17239.982	17546.555	15837.624	15414.134	21560.703	21605.16	14494.083	14287.753	18826.457	16577.422	18660.135	20596.035	16625.117	15434.038	17172.494	13457.329	17636.055	15897.967	15033.807	15593.598	18656.438	17948.199	18003.209	20127.982	14650.629	21798.383	13082.413	16515.422	15482.167	16381.156	17562.289
2.0013	19211.209	22306.73	20164.422	21587.959	15246.178	26792.762	22701.426	14068.728	14850.571	16797.844	13242.184	14706.096	16004.775	14588.569	14878.76	18990.684	20786.547	16503.062	14367.511	25500.99	19562.348	14349.837	14376.863	23408.521	16200.433	18909.4	22646.15	17812.924	16623.242	18854.811	15253.757	17855.598	16302.578	16661.697	16001.548	17942.988	18116.479	17621.785	20006.711	15601.603	25785.129	13239.136	18314.908	14621.674	18164.812	17554.752
2.1348	20240.535	22246.459	21963.049	25713.127	16798.033	27009.332	24034.559	14236.148	15235.429	16816.168	15266.296	15260.247	15339.069	15756.939	14406.917	25570.676	25839.123	18590.047	14595.417	32025.383	19177.854	17289.395	15249.045	26857.664	15324.549	17775.715	25857.787	19653.242	19147.641	19200.734	16842.832	18011.213	17959.137	18092.652	15654.748	19298.686	18627.922	18959.012	19349.264	18800.664	29001.592	14467.876	19415.727	14391.146	20727.135	17884.67
2.2682	20871.143	23756.258	23932.256	30273.639	19211.701	25639.266	24928.617	15021.042	16878.574	15952.042	17457.695	16227.859	14205.798	17086.326	14277.21	37760.551	26752.824	23932.404	16115.374	38494.547	20773.275	20578.342	17292.566	NaN	16415.576	17287.418	29358.221	24134.064	25161.068	20477.35	18059.395	19903.725	20493.445	18887.834	18098.162	22622.039	18285.203	21742.461	21547.178	22984.734	31822.277	16931.736	19978.416	14693.879	25837.576	19414.881
2.4016	21541.424	26616.469	NaN	35604.75	24956.67	22076.547	21749.059	16877.713	20611.49	15959.714	20865.543	15785.013	13962.239	16594.555	15648.708	49805.027	25747.928	30558.104	19651.465	39243.188	24374.662	23469.998	20892.297	NaN	18618.314	19868.553	30435.512	26142.352	30716.98	21468.092	21951.941	21706.98	25846.787	20271.293	20070.072	31276.557	20755.289	26645.553	24931.389	25152.713	34159.395	17397.582	20899.641	15303.347	30134.553	21948.807
2.535	NaN	30067.701	NaN	40034.867	31855.186	18388.625	18366.314	17692.479	22679.174	14535.935	24791.768	15158.563	13711.146	16157.604	18364.484	49504.52	23453.092	NaN	23444.908	33272.793	27298.252	23290.588	23499.061	NaN	23561.932	20529.885	29461.316	25794.775	33730.43	20095.701	29397.242	25565.709	28583.82	22763.486	24317.492	36060.688	22379.453	27978.787	28083.016	22259.551	34637.121	16790.93	19213.559	16863.537	31054.291	25306.832
2.6684	NaN	33108.172	NaN	NaN	NaN	15985.318	17021.791	18024.635	22211.826	12903.062	25204.365	14719.099	13740.455	15289.919	21163.391	40460.539	20825.033	NaN	28966.779	24080.031	30241.121	23225.072	25560.881	NaN	25755.676	19861.094	26202.844	24773.896	29522.359	18531.426	33634.746	28783.686	30668.316	25596.943	29650.311	36064.699	21718.191	NaN	27414.434	NaN	32119.801	15658.238	17932.758	18861.359	NaN	28058.672
2.8019	NaN	36859.719	NaN	NaN	NaN	15686.713	NaN	16178.351	NaN	12928.228	22458.209	13455.742	14094.854	NaN	23545.115	32821.703	NaN	NaN	30394.318	20197.961	30531.664	NaN	26076.896	NaN	NaN	NaN	NaN	NaN	25088.305	NaN	NaN	31105.037	29513.389	26397.555	33798.082	30661.814	20520.139	NaN	24319.143	NaN	NaN	NaN	16725.602	19838.211	NaN	NaN
2.9353	NaN	NaN	NaN	NaN	NaN	15076.124	NaN	NaN	NaN	12139.743	NaN	13635.053	14164.268	NaN	23727.412	NaN	NaN	NaN	NaN	NaN	NaN	NaN	NaN	NaN	NaN	NaN	NaN	NaN	NaN	NaN	NaN	31803.957	26178.148	NaN	NaN	25804.6	NaN	NaN	23013.844	NaN	NaN	NaN	NaN	19680.117	NaN	NaN
3.0687	NaN	NaN	NaN	NaN	NaN	13803.983	NaN	NaN	NaN	NaN	NaN	14356.096	NaN	NaN	NaN	NaN	NaN	NaN	NaN	NaN	NaN	NaN	NaN	NaN	NaN	NaN	NaN	NaN	NaN	NaN	NaN	NaN	NaN	NaN	NaN	22556.766	NaN	NaN	21826.518	NaN	NaN	NaN	NaN	19359.477	NaN	NaN
3.2021	NaN	NaN	NaN	NaN	NaN	NaN	NaN	NaN	NaN	NaN	NaN	NaN	NaN	NaN	NaN	NaN	NaN	NaN	NaN	NaN	NaN	NaN	NaN	NaN	NaN	NaN	NaN	NaN	NaN	NaN	NaN	NaN	NaN	NaN	NaN	NaN	NaN	NaN	19416.902	NaN	NaN	NaN	NaN	NaN	NaN	NaN
3.3356	NaN	NaN	NaN	NaN	NaN	NaN	NaN	NaN	NaN	NaN	NaN	NaN	NaN	NaN	NaN	NaN	NaN	NaN	NaN	NaN	NaN	NaN	NaN	NaN	NaN	NaN	NaN	NaN	NaN	NaN	NaN	NaN	NaN	NaN	NaN	NaN	NaN	NaN	NaN	NaN	NaN	NaN	NaN	NaN	NaN	NaN
3.469	NaN	NaN	NaN	NaN	NaN	NaN	NaN	NaN	NaN	NaN	NaN	NaN	NaN	NaN	NaN	NaN	NaN	NaN	NaN	NaN	NaN	NaN	NaN	NaN	NaN	NaN	NaN	NaN	NaN	NaN	NaN	NaN	NaN	NaN	NaN	NaN	NaN	NaN	NaN	NaN	NaN	NaN	NaN	NaN	NaN	NaN
3.6024	NaN	NaN	NaN	NaN	NaN	NaN	NaN	NaN	NaN	NaN	NaN	NaN	NaN	NaN	NaN	NaN	NaN	NaN	NaN	NaN	NaN	NaN	NaN	NaN	NaN	NaN	NaN	NaN	NaN	NaN	NaN	NaN	NaN	NaN	NaN	NaN	NaN	NaN	NaN	NaN	NaN	NaN	NaN	NaN	NaN	NaN
3.7358	NaN	NaN	NaN	NaN	NaN	NaN	NaN	NaN	NaN	NaN	NaN	NaN	NaN	NaN	NaN	NaN	NaN	NaN	NaN	NaN	NaN	NaN	NaN	NaN	NaN	NaN	NaN	NaN	NaN	NaN	NaN	NaN	NaN	NaN	NaN	NaN	NaN	NaN	NaN	NaN	NaN	NaN	NaN	NaN	NaN	NaN
