x	Y_20180224_15102_10_5g	Y_20180224_15102_12_12g	Y_20180224_15102_12_16g	Y_20180224_15102_12_7g	Y_20180224_15102_14_4g	Y_20180224_15102_22_4_S_g	Y_20180224_15102_23_6g	Y_20180224_15102_24_5g	Y_20180224_15102_25_3g	Y_20180224_15102_25_9g	Y_20180224_15102_26_5g	Y_20180224_15102_26_7g	Y_20180224_15102_27_1g	Y_20180224_15102_27_6g	Y_20180224_15102_28_5g	Y_20180224_15102_28_8g	Y_20180224_15102_29_1g	Y_20180224_15102_4_10g	Y_20180224_15102_4_11g	Y_20180224_15102_4_3g	Y_20180224_15102_5_1g	Y_20180224_15102_7_8g	Y_20180224_15102_8_1g	Y_20180224_15102_8_6_s_g	Y_20180224_15102_8_8g	Y_20180224_15102_9_5g	Y_20180224_15102_9_6_s_g
0	13265.404	12502.217	13266.377	15331.705	13564.671	14719.169	12790.079	11354.395	12811.2	13572.865	12372.418	13091.377	13151.463	12007.658	15899.979	14023.619	13933.407	12948.308	12471.049	12677.084	18796.559	20840.73	10812.687	12966.981	15918.085	15045.634	13514.629
0.1334	14904.613	13350.605	13774.383	18712.625	16090.009	15589.59	16469.295	12037.929	15938.848	14539.2	13203.878	15031.062	13250.107	13205.344	15859.445	15759.024	15392.873	13653.415	13228.263	14070.906	20104.438	29041.869	11917.501	12165.196	16577.885	19735.648	14889.581
0.2668	17862.828	14812.858	15164.54	28363.422	19717.77	17830.488	22211.988	14406.437	22905.656	16363.283	16485.227	19020.604	15827.409	15321.071	17242.406	18295.164	18276.838	17687.852	15577.178	16572.844	26976.25	31945.58	13121.228	12383.645	19061.984	28965.393	19051.141
0.4003	23058.979	18730.859	17510.947	42201.18	26260.809	22392.494	29107.223	18695.928	27188.924	20208.277	21565.15	25784.07	16285.1	18225.281	21745.314	23159.096	19408.809	20894.414	19247.146	22174.074	34006.918	26920.975	15852.113	15083.014	22712.941	38497.637	24889.271
0.5337	25343.77	19434.096	18862.52	47339.254	30795.234	25707.25	28161.516	25569.725	27441.326	21033.85	25270.572	27963.537	16921.35	19105.572	24479.406	36452.164	19340.824	22776.66	19864.688	24918.877	35471.988	21958.406	19256.307	20269.346	21316.639	36636.129	26336.023
0.6671	22089.383	19519.141	19486.477	43096.492	32588.969	24865.889	25302.469	26101.914	23779.086	19371.881	24685.277	24257.555	15919.194	17697.98	24077.254	58430.809	17340.479	20132.844	17817.322	22893.697	30696.023	20384.883	20717.311	21768.699	20255.549	31528.721	23211.455
0.8005	20541.092	18238.174	18060.49	38220.824	29515.27	23616.014	22376.342	21708.146	19831.447	18028.432	21980.967	20466.137	14524.014	16370.179	22970.945	70075.43	16979.895	19142.393	16708.553	21557.668	25551.184	22114.578	20243.791	19445.621	20276.982	25489.779	21733.211
0.934	18401.34	17953.924	17934.486	31477.424	27043.02	23339.867	20528.848	21312.311	17875.691	17673.445	19325.621	18728.277	15604.918	15849.254	20931.869	55204.48	17951.947	17446.518	18288.311	19980.098	23674.439	21230.133	19606.082	16531.455	19942.793	22560.496	21530.367
1.0674	18063.553	17746.111	17223.688	27782.764	25735.861	23109.322	19877.117	20382.824	18115.422	17486.232	19500.838	18772.27	16757.201	15054.522	19772.914	46111.855	18070.545	17207.371	20505.033	19079.91	22538.377	19562.229	18429.699	16119.415	18926.68	21133.51	20260.904
1.2008	18128.031	17547.754	16428.393	28367.24	24245.305	23045.037	19816.895	18676.914	19206.418	17988.369	19324.391	18891.689	17841.17	14970.433	20033.076	41841.773	17725.508	18842.227	22131.217	18042.217	22084.969	18519	19967.746	16868.414	18679.219	20195.172	18829.037
1.3342	18283.758	17398.709	15659.383	29899.455	23496.826	20874.818	18966.58	18028.395	20717.023	18409.621	19031.68	18164.006	17727.807	16740.029	19535.002	39188.531	18496.764	20219.994	24037.834	17279.826	21466.57	18218.664	21821.48	17232.094	18313.141	19961.168	17984.553
1.4676	18904.941	17500.539	16442.324	31035.598	21711.242	19463.771	18966.275	16948.641	22143.254	18179.375	18821.283	17871.684	17593.758	17282.83	19316.309	37156.91	19288.043	21339.771	25318.402	15865.899	21078.156	17676.994	23114.975	16092.895	18146.553	20439.477	18335.912
1.6011	18237.992	17169.168	16896.904	31738.051	23186.318	20625.609	19023.496	16474.77	21286.48	18300.242	18435.02	16749.404	16877.248	18253.072	18841.785	37426.551	20389.586	21941.014	23841.477	16116.412	20021.949	17954.594	22227.406	17225.869	18887.268	20211.797	19310.859
1.7345	16259.547	17063.811	16831.381	29217.668	27802.309	21364.324	17491.35	16324.2	20653.02	18163.004	19245.994	16244.675	17092.342	17100.416	18319.014	35370.371	19356.088	20453.35	20733.582	14981.396	19639.5	17798.566	22147.156	16990.848	19668.77	19645.471	21091.945
1.8679	16396.381	16622.504	16525.746	26983.094	30352.482	20265.943	18154.35	16838.254	20003.184	19024.545	20312.713	16172.775	17701.709	16343.095	17734.578	32694.471	19418.598	18481.143	18053.082	15479.51	19527.691	17496.854	21370.023	18819.67	19003.783	19057.836	20109.26
2.0013	16721.346	17025.312	18151.857	25268.533	27836.715	19195.107	16888.803	15716.491	20044.146	21408.824	20296.773	16420.703	18004.381	15407.64	17039.297	33695.293	19974.336	17440.781	18107.318	15893.452	18004.645	17844.512	20657.25	19423.316	18719.002	19194.646	19896.137
2.1348	15514.932	17456.393	17755.646	23711.764	25655.238	18490.842	16420.559	15311.597	19689.564	20649.244	18830.461	16054.982	17036.297	15043.55	16770.871	33060.867	20280.328	17501.893	18264.469	15591.756	18152.922	17298.934	21049.723	20003.029	19087.59	18406.309	19097.594
2.2682	15843.306	17963.117	18005.035	22558.027	25304.828	19221.906	15495.81	14684.354	19914.65	18361.051	18642.299	16296.79	16841.395	15256.207	16526.598	33293.43	19317.889	17513.961	17805.668	14483.804	18022.6	17711.25	21431.473	19733.346	19236.205	20284.338	18483.811
2.4016	15195.402	16980.414	18179.129	22483.338	26195.025	20772.875	15382.627	14957.554	19103.77	17175.805	18393.947	16771.148	17519.363	15650.093	16384.139	36203.875	17719.035	17600.949	17071.045	14931.24	17217.363	17832.801	21385.871	18985.977	18464.932	22690.408	17909.768
2.535	15674.886	16896.672	18019.67	22271.418	24693.057	21804.312	16662.145	14339.617	18060.482	15910.626	17363.598	18132.143	17006.674	16236.214	15712.221	35230.477	17727.385	16718.801	16928.689	15401.741	16766.23	16746.143	21841.264	19403.613	18706.342	21816.982	18077.049
2.6684	16720.926	18023.789	17749.863	20213.93	22053.23	21571.52	17386.492	15280.169	17127.975	15771.159	17146.668	17462.303	16264.294	15557.019	16219.856	32473.754	16837.484	17860.586	17098.043	15120.242	16873.404	16507.303	21975.596	18109.736	18786.762	21834.857	17845.137
2.8019	16041.388	17492.318	18125.5	17643.967	20955.98	20652.484	17874.717	15478.523	17088.67	15828.498	16646.645	17988.955	16596.486	16025.713	15152.341	28928.807	17543.436	18453.881	17978.855	16273.775	16928.66	16482.885	21823.422	18071.125	17842.277	21765.062	18329.676
2.9353	15440.435	17229.395	18433.568	16740.797	18568.949	20538.043	17887.529	15196.988	16186.112	15363.552	16291.007	18889.98	17026.174	16081.601	15686.545	25163.189	17744.84	18365.951	16988.014	16104.188	16404.602	15941.72	20396.367	16992.301	17259.6	22003.076	18232.832
3.0687	15948.656	17466.725	18732.607	16637.494	19496.217	20514.992	16827.916	16768.945	15147.252	14885.654	16726.969	18616.807	18362.344	16880.555	17483.746	25913.775	17377.354	17882.283	17137.805	16298.369	15440.506	16019.637	19736.85	16444.676	18173.311	20655.885	19011.029
3.2021	15440.41	18192.629	17928.291	16263.482	18505.766	20153.299	15811.223	17013.078	15042.115	14632.863	16496.711	17538.924	18222.35	17506.799	17765.445	25202.533	15582.33	17088.754	16982.586	15817.286	15070.706	16810.641	19032.654	17972.559	17240.455	19776.812	18058.42
3.3356	14624.374	18571.361	16029.339	15956.427	18194.467	19926.773	15342.97	16389.092	15953.558	14405.438	16859.195	17903.488	17323.064	16504.176	17430.645	24965.326	16020.987	16250.26	17704.18	15741.153	15139.209	15857.993	19418.434	16752.166	16314.136	18955.832	19851.131
3.469	15486.411	20395.125	16482.543	15043.611	18394.467	19664.342	15228.598	15843.764	15358.114	14787.838	16145.856	16777.068	17293.816	15274.938	15476.365	23402.178	16259.065	15750.828	17104.475	15586.474	15127.641	15223.452	18205.561	15481.401	15526.444	18396.465	19823.4
3.6024	16337.051	21241.076	15198.279	15315.618	17492.016	18902.4	15288.064	15210.655	15246.614	14615.048	15553.588	15827.225	16469.088	14743.305	14797.796	21857.705	14937.633	15086.825	17341.387	15190.077	14833.688	15011.188	17776.654	15317.072	15281.201	17576.057	20619.139
3.7358	18472.086	20536.119	15713.119	15068.401	16754.23	16825.504	16146.902	14488.14	15532.306	14156.78	15488.667	15586.792	15753.121	14411.435	14267.09	21254.693	15233.118	14553.026	15808.159	15475.646	14455.783	13054.243	18833.854	16112.466	14535.438	17979.471	18198.619
3.8692	19830.928	19641.217	16537.457	13845.34	16449.9	16527.951	17191.662	13652.249	16352.894	14188.533	15568.419	16452.531	15666.509	14704.779	15072.124	20593.209	14273.783	14021.06	15210.176	15245.438	13996.003	13517.498	18439.77	15569.668	13686.135	17557.938	16812.016
4.0027	17681.334	19885.381	18056.814	13599.369	16857.031	15875.337	17123.502	12736.725	17726.938	15151.147	14289.263	15945.138	14526.504	13431.055	14820.21	18901.404	14257.586	14398.085	15773.992	14390.732	13480.441	NaN	16437.562	17130.855	13246.844	17659.77	15086.687
4.1361	15370.726	19886.389	19633.695	14261.233	17168.676	NaN	15452.361	12226.413	18435.613	14136.429	13464.338	15341.033	13886.718	13213.003	14700.61	17387.291	NaN	13471.972	14928.034	14628.124	13778.09	NaN	NaN	16634.021	12997.454	16157.505	14223.52
4.2695	NaN	19126.262	18402.34	NaN	18048.262	NaN	13461.811	11160.684	17034.559	13432.427	12640.882	14681.062	13304.097	13079.565	NaN	15929.353	NaN	13394.284	13326.586	14217.072	NaN	NaN	NaN	15599.552	13444.429	NaN	15362.938
4.4029	NaN	17554.848	17440.188	NaN	17060.92	NaN	11636.798	11674.372	NaN	13069.771	NaN	NaN	NaN	NaN	NaN	15622.287	NaN	NaN	12466.146	13727.474	NaN	NaN	NaN	13656.765	NaN	NaN	14130.738
4.5363	NaN	16123.025	15518.129	NaN	NaN	NaN	NaN	NaN	NaN	12270.156	NaN	NaN	NaN	NaN	NaN	NaN	NaN	NaN	NaN	NaN	NaN	NaN	NaN	11797.967	NaN	NaN	NaN
4.6698	NaN	NaN	NaN	NaN	NaN	NaN	NaN	NaN	NaN	12196.441	NaN	NaN	NaN	NaN	NaN	NaN	NaN	NaN	NaN	NaN	NaN	NaN	NaN	NaN	NaN	NaN	NaN
4.8032	NaN	NaN	NaN	NaN	NaN	NaN	NaN	NaN	NaN	NaN	NaN	NaN	NaN	NaN	NaN	NaN	NaN	NaN	NaN	NaN	NaN	NaN	NaN	NaN	NaN	NaN	NaN
4.9366	NaN	NaN	NaN	NaN	NaN	NaN	NaN	NaN	NaN	NaN	NaN	NaN	NaN	NaN	NaN	NaN	NaN	NaN	NaN	NaN	NaN	NaN	NaN	NaN	NaN	NaN	NaN
5.07	NaN	NaN	NaN	NaN	NaN	NaN	NaN	NaN	NaN	NaN	NaN	NaN	NaN	NaN	NaN	NaN	NaN	NaN	NaN	NaN	NaN	NaN	NaN	NaN	NaN	NaN	NaN
5.2035	NaN	NaN	NaN	NaN	NaN	NaN	NaN	NaN	NaN	NaN	NaN	NaN	NaN	NaN	NaN	NaN	NaN	NaN	NaN	NaN	NaN	NaN	NaN	NaN	NaN	NaN	NaN
5.3369	NaN	NaN	NaN	NaN	NaN	NaN	NaN	NaN	NaN	NaN	NaN	NaN	NaN	NaN	NaN	NaN	NaN	NaN	NaN	NaN	NaN	NaN	NaN	NaN	NaN	NaN	NaN
5.4703	NaN	NaN	NaN	NaN	NaN	NaN	NaN	NaN	NaN	NaN	NaN	NaN	NaN	NaN	NaN	NaN	NaN	NaN	NaN	NaN	NaN	NaN	NaN	NaN	NaN	NaN	NaN
5.6037	NaN	NaN	NaN	NaN	NaN	NaN	NaN	NaN	NaN	NaN	NaN	NaN	NaN	NaN	NaN	NaN	NaN	NaN	NaN	NaN	NaN	NaN	NaN	NaN	NaN	NaN	NaN
5.7371	NaN	NaN	NaN	NaN	NaN	NaN	NaN	NaN	NaN	NaN	NaN	NaN	NaN	NaN	NaN	NaN	NaN	NaN	NaN	NaN	NaN	NaN	NaN	NaN	NaN	NaN	NaN
5.8706	NaN	NaN	NaN	NaN	NaN	NaN	NaN	NaN	NaN	NaN	NaN	NaN	NaN	NaN	NaN	NaN	NaN	NaN	NaN	NaN	NaN	NaN	NaN	NaN	NaN	NaN	NaN
6.004	NaN	NaN	NaN	NaN	NaN	NaN	NaN	NaN	NaN	NaN	NaN	NaN	NaN	NaN	NaN	NaN	NaN	NaN	NaN	NaN	NaN	NaN	NaN	NaN	NaN	NaN	NaN
6.1374	NaN	NaN	NaN	NaN	NaN	NaN	NaN	NaN	NaN	NaN	NaN	NaN	NaN	NaN	NaN	NaN	NaN	NaN	NaN	NaN	NaN	NaN	NaN	NaN	NaN	NaN	NaN
6.2708	NaN	NaN	NaN	NaN	NaN	NaN	NaN	NaN	NaN	NaN	NaN	NaN	NaN	NaN	NaN	NaN	NaN	NaN	NaN	NaN	NaN	NaN	NaN	NaN	NaN	NaN	NaN
6.4043	NaN	NaN	NaN	NaN	NaN	NaN	NaN	NaN	NaN	NaN	NaN	NaN	NaN	NaN	NaN	NaN	NaN	NaN	NaN	NaN	NaN	NaN	NaN	NaN	NaN	NaN	NaN
6.5377	NaN	NaN	NaN	NaN	NaN	NaN	NaN	NaN	NaN	NaN	NaN	NaN	NaN	NaN	NaN	NaN	NaN	NaN	NaN	NaN	NaN	NaN	NaN	NaN	NaN	NaN	NaN
6.6711	NaN	NaN	NaN	NaN	NaN	NaN	NaN	NaN	NaN	NaN	NaN	NaN	NaN	NaN	NaN	NaN	NaN	NaN	NaN	NaN	NaN	NaN	NaN	NaN	NaN	NaN	NaN
6.8045	NaN	NaN	NaN	NaN	NaN	NaN	NaN	NaN	NaN	NaN	NaN	NaN	NaN	NaN	NaN	NaN	NaN	NaN	NaN	NaN	NaN	NaN	NaN	NaN	NaN	NaN	NaN
6.9379	NaN	NaN	NaN	NaN	NaN	NaN	NaN	NaN	NaN	NaN	NaN	NaN	NaN	NaN	NaN	NaN	NaN	NaN	NaN	NaN	NaN	NaN	NaN	NaN	NaN	NaN	NaN
7.0714	NaN	NaN	NaN	NaN	NaN	NaN	NaN	NaN	NaN	NaN	NaN	NaN	NaN	NaN	NaN	NaN	NaN	NaN	NaN	NaN	NaN	NaN	NaN	NaN	NaN	NaN	NaN
7.2048	NaN	NaN	NaN	NaN	NaN	NaN	NaN	NaN	NaN	NaN	NaN	NaN	NaN	NaN	NaN	NaN	NaN	NaN	NaN	NaN	NaN	NaN	NaN	NaN	NaN	NaN	NaN
7.3382	NaN	NaN	NaN	NaN	NaN	NaN	NaN	NaN	NaN	NaN	NaN	NaN	NaN	NaN	NaN	NaN	NaN	NaN	NaN	NaN	NaN	NaN	NaN	NaN	NaN	NaN	NaN
7.4716	NaN	NaN	NaN	NaN	NaN	NaN	NaN	NaN	NaN	NaN	NaN	NaN	NaN	NaN	NaN	NaN	NaN	NaN	NaN	NaN	NaN	NaN	NaN	NaN	NaN	NaN	NaN
7.6051	NaN	NaN	NaN	NaN	NaN	NaN	NaN	NaN	NaN	NaN	NaN	NaN	NaN	NaN	NaN	NaN	NaN	NaN	NaN	NaN	NaN	NaN	NaN	NaN	NaN	NaN	NaN
7.7385	NaN	NaN	NaN	NaN	NaN	NaN	NaN	NaN	NaN	NaN	NaN	NaN	NaN	NaN	NaN	NaN	NaN	NaN	NaN	NaN	NaN	NaN	NaN	NaN	NaN	NaN	NaN
7.8719	NaN	NaN	NaN	NaN	NaN	NaN	NaN	NaN	NaN	NaN	NaN	NaN	NaN	NaN	NaN	NaN	NaN	NaN	NaN	NaN	NaN	NaN	NaN	NaN	NaN	NaN	NaN
8.0053	NaN	NaN	NaN	NaN	NaN	NaN	NaN	NaN	NaN	NaN	NaN	NaN	NaN	NaN	NaN	NaN	NaN	NaN	NaN	NaN	NaN	NaN	NaN	NaN	NaN	NaN	NaN
8.1387	NaN	NaN	NaN	NaN	NaN	NaN	NaN	NaN	NaN	NaN	NaN	NaN	NaN	NaN	NaN	NaN	NaN	NaN	NaN	NaN	NaN	NaN	NaN	NaN	NaN	NaN	NaN
8.2722	NaN	NaN	NaN	NaN	NaN	NaN	NaN	NaN	NaN	NaN	NaN	NaN	NaN	NaN	NaN	NaN	NaN	NaN	NaN	NaN	NaN	NaN	NaN	NaN	NaN	NaN	NaN
8.4056	NaN	NaN	NaN	NaN	NaN	NaN	NaN	NaN	NaN	NaN	NaN	NaN	NaN	NaN	NaN	NaN	NaN	NaN	NaN	NaN	NaN	NaN	NaN	NaN	NaN	NaN	NaN
8.539	NaN	NaN	NaN	NaN	NaN	NaN	NaN	NaN	NaN	NaN	NaN	NaN	NaN	NaN	NaN	NaN	NaN	NaN	NaN	NaN	NaN	NaN	NaN	NaN	NaN	NaN	NaN
8.6724	NaN	NaN	NaN	NaN	NaN	NaN	NaN	NaN	NaN	NaN	NaN	NaN	NaN	NaN	NaN	NaN	NaN	NaN	NaN	NaN	NaN	NaN	NaN	NaN	NaN	NaN	NaN
8.8058	NaN	NaN	NaN	NaN	NaN	NaN	NaN	NaN	NaN	NaN	NaN	NaN	NaN	NaN	NaN	NaN	NaN	NaN	NaN	NaN	NaN	NaN	NaN	NaN	NaN	NaN	NaN
8.9393	NaN	NaN	NaN	NaN	NaN	NaN	NaN	NaN	NaN	NaN	NaN	NaN	NaN	NaN	NaN	NaN	NaN	NaN	NaN	NaN	NaN	NaN	NaN	NaN	NaN	NaN	NaN
9.0727	NaN	NaN	NaN	NaN	NaN	NaN	NaN	NaN	NaN	NaN	NaN	NaN	NaN	NaN	NaN	NaN	NaN	NaN	NaN	NaN	NaN	NaN	NaN	NaN	NaN	NaN	NaN
9.2061	NaN	NaN	NaN	NaN	NaN	NaN	NaN	NaN	NaN	NaN	NaN	NaN	NaN	NaN	NaN	NaN	NaN	NaN	NaN	NaN	NaN	NaN	NaN	NaN	NaN	NaN	NaN
9.3395	NaN	NaN	NaN	NaN	NaN	NaN	NaN	NaN	NaN	NaN	NaN	NaN	NaN	NaN	NaN	NaN	NaN	NaN	NaN	NaN	NaN	NaN	NaN	NaN	NaN	NaN	NaN
9.473	NaN	NaN	NaN	NaN	NaN	NaN	NaN	NaN	NaN	NaN	NaN	NaN	NaN	NaN	NaN	NaN	NaN	NaN	NaN	NaN	NaN	NaN	NaN	NaN	NaN	NaN	NaN
9.6064	NaN	NaN	NaN	NaN	NaN	NaN	NaN	NaN	NaN	NaN	NaN	NaN	NaN	NaN	NaN	NaN	NaN	NaN	NaN	NaN	NaN	NaN	NaN	NaN	NaN	NaN	NaN
9.7398	NaN	NaN	NaN	NaN	NaN	NaN	NaN	NaN	NaN	NaN	NaN	NaN	NaN	NaN	NaN	NaN	NaN	NaN	NaN	NaN	NaN	NaN	NaN	NaN	NaN	NaN	NaN
9.8732	NaN	NaN	NaN	NaN	NaN	NaN	NaN	NaN	NaN	NaN	NaN	NaN	NaN	NaN	NaN	NaN	NaN	NaN	NaN	NaN	NaN	NaN	NaN	NaN	NaN	NaN	NaN
10.0066	NaN	NaN	NaN	NaN	NaN	NaN	NaN	NaN	NaN	NaN	NaN	NaN	NaN	NaN	NaN	NaN	NaN	NaN	NaN	NaN	NaN	NaN	NaN	NaN	NaN	NaN	NaN
10.1401	NaN	NaN	NaN	NaN	NaN	NaN	NaN	NaN	NaN	NaN	NaN	NaN	NaN	NaN	NaN	NaN	NaN	NaN	NaN	NaN	NaN	NaN	NaN	NaN	NaN	NaN	NaN
