x	Y_20180224_15102_10_3_S_g	Y_20180224_15102_11_10g	Y_20180224_15102_11_5g	Y_20180224_15102_12_1g	Y_20180224_15102_12_2g	Y_20180224_15102_12_3g	Y_20180224_15102_13_13g	Y_20180224_15102_13_9g	Y_20180224_15102_14_2g	Y_20180224_15102_15_17g	Y_20180224_15102_15_1g	Y_20180224_15102_15_9g	Y_20180224_15102_16_4g	Y_20180224_15102_19_4g	Y_20180224_15102_19_5g	Y_20180224_15102_19_6g	Y_20180224_15102_19_7g	Y_20180224_15102_19_8g	Y_20180224_15102_20_2g	Y_20180224_15102_20_6g	Y_20180224_15102_21_2_S_g	Y_20180224_15102_21_4g	Y_20180224_15102_22_5g	Y_20180224_15102_22_6g	Y_20180224_15102_23_6g	Y_20180224_15102_24_2g	Y_20180224_15102_25_11g	Y_20180224_15102_25_13g	Y_20180224_15102_25_15g	Y_20180224_15102_25_8g	Y_20180224_15102_27_10g	Y_20180224_15102_27_11g	Y_20180224_15102_27_6g	Y_20180224_15102_28_12g	Y_20180224_15102_28_14g	Y_20180224_15102_28_1g	Y_20180224_15102_28_3_S_g	Y_20180224_15102_28_7g	Y_20180224_15102_3_6g	Y_20180224_15102_4_6g	Y_20180224_15102_4_7g	Y_20180224_15102_4_8g	Y_20180224_15102_6_1g	Y_20180224_15102_7_2g	Y_20180224_15102_7_6g	Y_20180224_15102_9_2_g	Y_20180224_15102_9_6_S_g
0	15838.209	14116.973	15252.301	13502.419	13812.648	12979.232	16632.717	14222.338	12765.244	13760.947	12804.028	13051.686	15035.8	14215.933	16103.711	12564.498	13259.783	17000.004	14221.134	12996.342	15750.588	20559.338	12488.6	14815.368	15806.626	13131.371	15344.771	13148.585	12006.087	17854.592	15652.796	16063.971	14289.22	14153.935	15345.665	14896.636	15236.663	16030.64	18016.801	16901.336	13233.459	14757.723	15994.5	13784.562	13901.993	15350.246	14112.738
0.1334	17842.107	16660.484	17002.787	15356.414	16135.42	14126.297	16968.148	15254.445	14799.863	14646.049	14984.986	13710.356	16867.779	16628.504	15710.124	14891.52	14625.742	17983.35	15526.535	14566.613	15796.812	24886.371	12791.918	16481.617	17625.99	15116.93	17356.318	13476.013	12189.008	18466.832	19006.168	16977.703	13560.125	15636.569	17160.803	16096.877	15627.271	18696.832	19778.877	17533.74	14563.052	19631.031	15491.516	15287.941	15901.748	16813.822	15541.896
0.2668	23028.385	22923.248	23084.205	16557.049	19407.85	18193.098	19325.629	19312.02	17201.859	17968.473	18589.428	15484.038	20878.621	21339.781	16886.492	20449.391	15279.678	23757.758	18354.426	18774.637	16451.811	34292.98	14017.627	18720.375	21609.65	20291.658	21648.291	15562.964	14147.875	20076.344	25814.725	18494.309	14611.586	18982.568	23296.439	17085.406	16963.283	23406.793	27102.252	22317.461	15517.778	27579.789	16698.354	18283.371	23226.568	20531.479	19914.008
0.4003	34158.992	37752.621	32977.555	22437.596	23261.047	21943.604	24210.902	24180.529	20661.879	25820.877	26196.791	17717.357	30891.08	27568.34	18655.635	26887.943	20720.785	31502.498	24768.922	27731.287	20103.504	36730.98	16724.307	26247.656	29829.762	28451.977	33499.793	19379.535	16098.144	26494.439	28535.152	23281.199	16758.883	24763.652	30400.051	21296.783	21106.361	29656.426	32939.297	28189.031	20387.072	30231.746	19710.244	24139.428	33547.906	28631.654	27833.518
0.5337	45613.633	57718.891	39163.918	27390.691	23147.488	21534.719	26268.893	26782.479	20215.439	28616.713	32829.57	22266.748	37991.805	29751.227	25151.381	27933.336	25279.146	35662.508	32162.932	31284.775	25020.562	28220.928	23180.908	35894.848	37688.66	29020.775	51466.551	25873.51	21500.402	38086.41	25289.127	35145.359	20134.367	30521.463	34818.457	33223.18	29169.418	31168.736	29006.018	29707.441	27771.436	27290.736	29427.725	25735.602	37286.25	34086.105	30182.135
0.6671	43508.125	59166.543	32129.436	23274.566	22258.041	18954.16	25994.949	22288.045	19709.598	22477.402	33273.973	21606.527	41076.48	25031.09	38429.953	23396.68	26619.906	29560.164	31104.902	30103.104	28258.723	22594.371	29036.791	34335	36895.379	23850.83	57730.777	23287.914	30273.557	43613.195	20282.273	48947.809	19256.158	27689.527	30136.375	42859.684	34690.469	26732.797	25808.512	27593.775	29903.1	20830.457	38297.277	22573.387	28613.08	32916.973	25914.625
0.8005	32546.107	46346.34	25982.998	21061.814	23613.715	17878.139	24915.521	18921.754	18908.645	17347.77	27442.178	19898.299	34535.266	21070.529	49007.414	18617.463	23624.553	26459.857	26629.271	25584.908	26107.977	18923.041	29731.041	27796.391	29679.506	20059.836	43938.207	20628.414	32134.611	39198.941	19906.391	48387.887	18453.91	23471.043	24063.395	42579.824	30998.598	22154.471	26051.465	23375.84	25498.273	18261.477	37440.531	19162.471	22969.043	30209.605	20248.447
0.934	27441.01	36089.547	20924.473	19068.316	22843.852	17633.729	22749.035	17105.02	17862.66	16789.984	25031.586	17129.031	30143.057	19951.953	47798.438	16585.906	20091.279	26632.377	24170.436	24015.518	23609.045	17340.15	24275.928	23618.525	22547.113	19331.064	33576.34	20923.674	27004.713	33573.973	18653.158	35362.012	16243.168	20461.217	21867.977	39114.359	23260.975	19795.035	26414.174	23033.148	21805.225	17629.355	29721.965	18027.234	20818.299	27019.504	17353.082
1.0674	23568.566	29997.768	18598.129	18011.039	22241.48	16512.215	21302.418	15600.185	17245.777	15367.871	23689.977	15506.403	26221.885	20232.748	39947.992	15883.313	18731.25	26268.48	22932.055	22644.119	21819.916	16295.396	19809.764	21302.195	19217.523	18741.805	29095.732	19024.484	22067.727	30377.123	17276.68	25202.084	15521.527	20415.891	20684.062	34395.586	19232.807	20155.619	24725.564	23646.316	17732.24	17253.801	26296.35	17704.043	18617.74	22755.873	16789.883
1.2008	20358.115	28063.943	18841.58	17378.428	21071.383	18368.336	20076.846	14092.445	17845.705	17024.545	23868.541	15333.81	24304.73	20733.484	33634.723	16366.663	19329.895	24423.068	21942.146	21932.25	20717.926	16799.842	17823.717	21327.57	19369.299	18315.02	26592.775	18454.803	20415.111	26583.963	15815.979	20986.588	15424.301	21281.869	17909.432	29747.115	17807.736	21100.213	23731.002	22648.1	18129.947	16193.752	26600.42	15908.002	18781.738	20965.908	17755.469
1.3342	18073.428	28018.449	19788.6	17516.883	21028.332	17031.473	18929.383	13543.656	17749.773	17501.744	22806.787	16130.911	22528.986	20739.352	31285.01	16952.592	18757.252	21910.521	21571.859	22107.287	19325.436	16488.908	16977.275	22363.404	18377.445	16681.646	25175.908	18281.77	19680.959	24315.445	15538.771	19472.047	15317.68	21458.895	18682.918	27297.258	19044.652	20658.215	21285.826	19960.898	17553.266	16283.243	25099.389	14725.168	18778.965	21218.084	17967.67
1.4676	16227.838	26750.166	19569.303	17865.756	21856.277	15606.978	18533.729	13373.693	16926.398	17873.717	20801.064	15796.063	22392.012	18755.748	30399.916	17231.367	20638.404	21378.574	20214.111	21686.881	18580.797	17242.947	18068.529	21248.059	18202.057	15704.784	26979.49	16901.062	19589.359	27288.93	17140.836	19876.412	15611.779	20060.789	17834.379	26754.688	19536.584	19451.041	21597.373	17400.658	16802.467	16971.107	23704.711	14229.543	19731.209	19944.277	17584.035
1.6011	16831.902	26814.619	19682.557	20019.576	21070.484	16183.286	20009.834	13731.823	18150.73	17625.801	19584.979	15271.48	22153.693	17218.266	25713.91	16290.669	20675.494	20743.902	19081.322	20906.039	19413.369	17765.961	18760.602	19294.928	19017.74	15879.16	26294.434	16787.783	19373.016	25706.908	17465.549	19226.559	17095.371	18583.398	17167.088	27046.418	20442.303	19614.398	19185.014	17183.824	16206.418	15930.297	21127.049	14419.888	19392.143	19096.086	15428.447
1.7345	16832.938	25727.371	19514.197	18876.203	20173.174	15753.579	23232.951	14551.063	18228.201	17132.078	18535.994	15127.227	24268.729	16158.135	24359.439	14416.139	19508.307	19459.049	20296.801	20314.834	20925.965	19804.488	20011.926	18068.562	17948.244	16558.393	24455.412	15921.743	18866.982	24252.045	16517.504	18432.67	15135.878	17781.502	15306.69	26114.129	22012.414	17107.76	16404.035	17643.139	15539.628	15540.735	18585.463	15277.315	19797.896	17975.158	14599.219
1.8679	16779.922	25961.787	20484.543	19653.072	19235.387	14386.479	22026.449	15494.363	16741.932	16164.111	17924.672	14125.203	26596.574	15781.805	23729.035	13298.832	20076.551	17639.201	18856.111	19416.355	22757.219	22351.381	18897.172	20182.744	17096.389	15879.728	22653.486	14960.412	18009.789	23020.951	15803.05	17763.828	14597.749	16718.338	15075.129	24405.164	22597.865	16390.621	16647.332	18296.785	15777.89	15413.801	19217.84	14836.887	18762.096	16387.316	14706.646
2.0013	16094.578	23915.6	22176.01	18976.684	20540.117	13594.119	21247.812	16151.6	15954.117	16978.172	17144.648	14316.951	25868.043	16020.495	23486.83	13351.92	19176.445	17872.164	17540.938	19304.227	19866.23	24211.459	17879.254	20322.502	16470.418	15657.228	21885.756	14271.68	20416.092	22238.359	16216.286	16781.715	14013.594	17776.467	15517.285	21917.879	21425.373	16070.901	19451.002	17834.502	14978.86	15602.229	22211.119	15336.571	17091.23	16611.688	14663.444
2.1348	15668.85	22185.637	22012.584	16861.654	18902.883	14112.44	22430.857	18284.197	15733.423	16434.473	17229.035	13704.381	23871.074	16838.752	22411.041	13202.713	17728.533	17910.721	17319.809	19584.68	17502.693	23518.242	18134.07	21206.41	15192.498	16172.312	21745.471	14266.831	20758.508	25850.832	16369.348	15680.016	14107.254	19003.945	17532.738	18707.436	21450.225	14737.333	21945.457	17930.184	14273.764	16277.776	25919.064	15637.054	16850.357	16445.527	15632.868
2.2682	15821.681	21295.119	20219.998	16937.152	16775.254	14495.958	19977.826	16907.641	15398.86	15516.64	16694.049	13696.552	22359.57	16953.203	21043.053	12972.631	16595.953	18440.605	19194.689	18791.355	15978.419	21012.592	17418.301	19286.809	14323.774	16593.926	21294.332	15256.615	20454.822	27224.035	15412.571	16463.109	13965.304	19427.27	19414.582	17767.031	22244.496	15118.649	22103.072	18814.658	14693.776	16038.935	28077.857	15794.158	16050.257	16484.52	15412.305
2.4016	16568.684	19276.201	18418.785	16348.691	15232.975	15401.118	18752.584	15649.306	14414.912	14996.189	16053.185	13467.453	20022.725	17264.559	20709.961	13479.868	15039.187	18893.51	20386.777	16114.217	16065.379	18932.01	18729.855	17829.625	15428.286	16335.297	20502.963	15966.459	20067.023	24895.115	15460.715	16473.035	13697.757	19639.529	21701.551	17695.379	21414.709	16071.807	21195.283	17736.934	13644.135	15777.663	28189.754	15596.269	17058.842	19121.877	15107.559
2.535	16211.772	17409.615	16969.576	15763.86	14096.196	15569.581	17953.711	15721.094	13925.382	14592.748	16836.775	13635.937	18459.297	16565.305	19492.977	13731.232	15598.816	18223.293	20559.049	15880.17	15127.061	17945.707	21531.113	17542.252	16001.07	17098.363	21734.094	16529.008	20690.273	21796.506	15972.987	16118.077	13760.676	17803.465	25493.256	16502.416	21378.191	14706.872	19400.955	17594.727	13992.764	16539.107	28610.904	15169.143	15968.157	21100.246	15646.432
2.6684	14955.661	17634.334	16006.534	16797.154	14062.262	16020.232	19292.529	15050.985	13860.545	14091.363	16185.188	13175.044	15977.285	16506.986	17755.811	13986.427	15023.493	20975.666	18413.912	15087.85	14140.073	16768.633	22343.936	16201.485	14934.698	16006.735	21896.264	15931.152	21662.654	18679.641	16108.439	15671.967	13775.063	16207.911	28266.488	15710.058	19550.867	14691.646	20668.336	16551.953	13319.269	16263.748	23596.402	14845.545	16497.068	21640.133	15170.124
2.8019	14238.45	19819.723	15349.051	15977.177	13633.641	15505.592	19112.271	14188.811	13728.074	14864.61	16688.129	12852.272	15243.966	15679.675	17802.734	14480.356	15391.895	22991.633	18293.016	14251.06	14400.916	16949.617	19164.648	15977.678	14398.97	15253.111	20747.102	15921.648	20517.662	15830.972	15144.104	17391.852	13455.781	15182.391	23728.299	15653.065	18710.822	14022.628	20944.242	16209.372	12632.456	14506.207	19246.543	14747.955	14426.006	20391.174	14955.675
2.9353	13343.26	20641.574	15599.137	16261.021	13711.691	15986.874	17252.768	13820.018	14974.059	15021.879	15746.5	12822.17	14371.667	14878.891	16526.979	14055.961	14898.269	28614.031	17742.205	13836.743	14989.344	15214.079	16329.457	15581.688	14369.815	15328.958	17709.266	17750.887	16210.021	15365.332	14665.977	17145.318	13848.399	14277.173	20498.684	16100.172	19183.387	14050.728	18427.199	15424.987	12461.698	13332.223	16861.57	14437.966	15475.095	18695.637	15929.431
3.0687	13923.703	18821.654	15069.36	17430.414	13494.251	15578.749	15873.621	13412.019	14488.322	15271.697	14477.651	12464.214	15026.674	15161.004	15252.905	14124.411	15692.574	32549.979	17274.15	14288.51	13241.763	14546.733	14700.023	14287.039	14187.26	14678.163	16431.338	18231.975	14448.947	14729.312	15286.989	17534.051	13517.782	14604.541	18859.738	16131.665	17993.953	13783.558	18635.357	16039.783	12144.727	13821.16	16882.268	14579.286	14108.556	17040.787	16563.387
3.2021	14556.891	17882.334	NaN	15436.185	12985.809	NaN	15220.062	13645.579	14413.271	15276.503	13994.81	NaN	14921.043	14660.94	14909.426	13140.496	15708	28948.859	18394.328	15191.959	13238.538	14644.184	13896.873	14701.785	14148.221	13603.36	15655.296	17293.859	13638.215	13565.554	15336.119	18172.143	14028.481	NaN	18261.73	17200.418	15418.728	14482.995	17114.467	15107.355	12918.979	13605.349	15603.773	NaN	13776.073	NaN	NaN
3.3356	NaN	16108.1	NaN	NaN	NaN	NaN	NaN	NaN	NaN	15330.039	NaN	NaN	15113.986	14649.011	14605.844	NaN	15427.452	22223.871	16662.447	15079.05	13688.1	14446.644	13325.408	14153.808	14181.125	13389.354	15728.166	17817.266	13302.812	13662.729	NaN	18187.379	NaN	NaN	NaN	19379.953	14060.149	NaN	17213.996	NaN	13406.939	NaN	NaN	NaN	13244.563	NaN	NaN
3.469	NaN	NaN	NaN	NaN	NaN	NaN	NaN	NaN	NaN	NaN	NaN	NaN	16936.098	NaN	14535.486	NaN	15721.725	18374.654	17008.215	NaN	13490.999	NaN	13079.646	13687.996	14347.747	NaN	NaN	18005.438	13622.581	NaN	NaN	NaN	NaN	NaN	NaN	21599.018	14028.242	NaN	NaN	NaN	13721.346	NaN	NaN	NaN	NaN	NaN	NaN
3.6024	NaN	NaN	NaN	NaN	NaN	NaN	NaN	NaN	NaN	NaN	NaN	NaN	NaN	NaN	13997.781	NaN	17039.844	NaN	NaN	NaN	13260.413	NaN	12996.749	NaN	NaN	NaN	NaN	17602.66	13552.511	NaN	NaN	NaN	NaN	NaN	NaN	20825.188	13792.749	NaN	NaN	NaN	14543.688	NaN	NaN	NaN	NaN	NaN	NaN
3.7358	NaN	NaN	NaN	NaN	NaN	NaN	NaN	NaN	NaN	NaN	NaN	NaN	NaN	NaN	NaN	NaN	NaN	NaN	NaN	NaN	13637.281	NaN	NaN	NaN	NaN	NaN	NaN	18443.148	14146.047	NaN	NaN	NaN	NaN	NaN	NaN	20734.35	NaN	NaN	NaN	NaN	14570.685	NaN	NaN	NaN	NaN	NaN	NaN
3.8692	NaN	NaN	NaN	NaN	NaN	NaN	NaN	NaN	NaN	NaN	NaN	NaN	NaN	NaN	NaN	NaN	NaN	NaN	NaN	NaN	NaN	NaN	NaN	NaN	NaN	NaN	NaN	NaN	NaN	NaN	NaN	NaN	NaN	NaN	NaN	NaN	NaN	NaN	NaN	NaN	NaN	NaN	NaN	NaN	NaN	NaN	NaN
4.0027	NaN	NaN	NaN	NaN	NaN	NaN	NaN	NaN	NaN	NaN	NaN	NaN	NaN	NaN	NaN	NaN	NaN	NaN	NaN	NaN	NaN	NaN	NaN	NaN	NaN	NaN	NaN	NaN	NaN	NaN	NaN	NaN	NaN	NaN	NaN	NaN	NaN	NaN	NaN	NaN	NaN	NaN	NaN	NaN	NaN	NaN	NaN
4.1361	NaN	NaN	NaN	NaN	NaN	NaN	NaN	NaN	NaN	NaN	NaN	NaN	NaN	NaN	NaN	NaN	NaN	NaN	NaN	NaN	NaN	NaN	NaN	NaN	NaN	NaN	NaN	NaN	NaN	NaN	NaN	NaN	NaN	NaN	NaN	NaN	NaN	NaN	NaN	NaN	NaN	NaN	NaN	NaN	NaN	NaN	NaN
4.2695	NaN	NaN	NaN	NaN	NaN	NaN	NaN	NaN	NaN	NaN	NaN	NaN	NaN	NaN	NaN	NaN	NaN	NaN	NaN	NaN	NaN	NaN	NaN	NaN	NaN	NaN	NaN	NaN	NaN	NaN	NaN	NaN	NaN	NaN	NaN	NaN	NaN	NaN	NaN	NaN	NaN	NaN	NaN	NaN	NaN	NaN	NaN
4.4029	NaN	NaN	NaN	NaN	NaN	NaN	NaN	NaN	NaN	NaN	NaN	NaN	NaN	NaN	NaN	NaN	NaN	NaN	NaN	NaN	NaN	NaN	NaN	NaN	NaN	NaN	NaN	NaN	NaN	NaN	NaN	NaN	NaN	NaN	NaN	NaN	NaN	NaN	NaN	NaN	NaN	NaN	NaN	NaN	NaN	NaN	NaN
4.5363	NaN	NaN	NaN	NaN	NaN	NaN	NaN	NaN	NaN	NaN	NaN	NaN	NaN	NaN	NaN	NaN	NaN	NaN	NaN	NaN	NaN	NaN	NaN	NaN	NaN	NaN	NaN	NaN	NaN	NaN	NaN	NaN	NaN	NaN	NaN	NaN	NaN	NaN	NaN	NaN	NaN	NaN	NaN	NaN	NaN	NaN	NaN
4.6698	NaN	NaN	NaN	NaN	NaN	NaN	NaN	NaN	NaN	NaN	NaN	NaN	NaN	NaN	NaN	NaN	NaN	NaN	NaN	NaN	NaN	NaN	NaN	NaN	NaN	NaN	NaN	NaN	NaN	NaN	NaN	NaN	NaN	NaN	NaN	NaN	NaN	NaN	NaN	NaN	NaN	NaN	NaN	NaN	NaN	NaN	NaN
4.8032	NaN	NaN	NaN	NaN	NaN	NaN	NaN	NaN	NaN	NaN	NaN	NaN	NaN	NaN	NaN	NaN	NaN	NaN	NaN	NaN	NaN	NaN	NaN	NaN	NaN	NaN	NaN	NaN	NaN	NaN	NaN	NaN	NaN	NaN	NaN	NaN	NaN	NaN	NaN	NaN	NaN	NaN	NaN	NaN	NaN	NaN	NaN
4.9366	NaN	NaN	NaN	NaN	NaN	NaN	NaN	NaN	NaN	NaN	NaN	NaN	NaN	NaN	NaN	NaN	NaN	NaN	NaN	NaN	NaN	NaN	NaN	NaN	NaN	NaN	NaN	NaN	NaN	NaN	NaN	NaN	NaN	NaN	NaN	NaN	NaN	NaN	NaN	NaN	NaN	NaN	NaN	NaN	NaN	NaN	NaN
5.07	NaN	NaN	NaN	NaN	NaN	NaN	NaN	NaN	NaN	NaN	NaN	NaN	NaN	NaN	NaN	NaN	NaN	NaN	NaN	NaN	NaN	NaN	NaN	NaN	NaN	NaN	NaN	NaN	NaN	NaN	NaN	NaN	NaN	NaN	NaN	NaN	NaN	NaN	NaN	NaN	NaN	NaN	NaN	NaN	NaN	NaN	NaN
5.2035	NaN	NaN	NaN	NaN	NaN	NaN	NaN	NaN	NaN	NaN	NaN	NaN	NaN	NaN	NaN	NaN	NaN	NaN	NaN	NaN	NaN	NaN	NaN	NaN	NaN	NaN	NaN	NaN	NaN	NaN	NaN	NaN	NaN	NaN	NaN	NaN	NaN	NaN	NaN	NaN	NaN	NaN	NaN	NaN	NaN	NaN	NaN
5.3369	NaN	NaN	NaN	NaN	NaN	NaN	NaN	NaN	NaN	NaN	NaN	NaN	NaN	NaN	NaN	NaN	NaN	NaN	NaN	NaN	NaN	NaN	NaN	NaN	NaN	NaN	NaN	NaN	NaN	NaN	NaN	NaN	NaN	NaN	NaN	NaN	NaN	NaN	NaN	NaN	NaN	NaN	NaN	NaN	NaN	NaN	NaN
5.4703	NaN	NaN	NaN	NaN	NaN	NaN	NaN	NaN	NaN	NaN	NaN	NaN	NaN	NaN	NaN	NaN	NaN	NaN	NaN	NaN	NaN	NaN	NaN	NaN	NaN	NaN	NaN	NaN	NaN	NaN	NaN	NaN	NaN	NaN	NaN	NaN	NaN	NaN	NaN	NaN	NaN	NaN	NaN	NaN	NaN	NaN	NaN
5.6037	NaN	NaN	NaN	NaN	NaN	NaN	NaN	NaN	NaN	NaN	NaN	NaN	NaN	NaN	NaN	NaN	NaN	NaN	NaN	NaN	NaN	NaN	NaN	NaN	NaN	NaN	NaN	NaN	NaN	NaN	NaN	NaN	NaN	NaN	NaN	NaN	NaN	NaN	NaN	NaN	NaN	NaN	NaN	NaN	NaN	NaN	NaN
5.7371	NaN	NaN	NaN	NaN	NaN	NaN	NaN	NaN	NaN	NaN	NaN	NaN	NaN	NaN	NaN	NaN	NaN	NaN	NaN	NaN	NaN	NaN	NaN	NaN	NaN	NaN	NaN	NaN	NaN	NaN	NaN	NaN	NaN	NaN	NaN	NaN	NaN	NaN	NaN	NaN	NaN	NaN	NaN	NaN	NaN	NaN	NaN
5.8706	NaN	NaN	NaN	NaN	NaN	NaN	NaN	NaN	NaN	NaN	NaN	NaN	NaN	NaN	NaN	NaN	NaN	NaN	NaN	NaN	NaN	NaN	NaN	NaN	NaN	NaN	NaN	NaN	NaN	NaN	NaN	NaN	NaN	NaN	NaN	NaN	NaN	NaN	NaN	NaN	NaN	NaN	NaN	NaN	NaN	NaN	NaN
6.004	NaN	NaN	NaN	NaN	NaN	NaN	NaN	NaN	NaN	NaN	NaN	NaN	NaN	NaN	NaN	NaN	NaN	NaN	NaN	NaN	NaN	NaN	NaN	NaN	NaN	NaN	NaN	NaN	NaN	NaN	NaN	NaN	NaN	NaN	NaN	NaN	NaN	NaN	NaN	NaN	NaN	NaN	NaN	NaN	NaN	NaN	NaN
6.1374	NaN	NaN	NaN	NaN	NaN	NaN	NaN	NaN	NaN	NaN	NaN	NaN	NaN	NaN	NaN	NaN	NaN	NaN	NaN	NaN	NaN	NaN	NaN	NaN	NaN	NaN	NaN	NaN	NaN	NaN	NaN	NaN	NaN	NaN	NaN	NaN	NaN	NaN	NaN	NaN	NaN	NaN	NaN	NaN	NaN	NaN	NaN
6.2708	NaN	NaN	NaN	NaN	NaN	NaN	NaN	NaN	NaN	NaN	NaN	NaN	NaN	NaN	NaN	NaN	NaN	NaN	NaN	NaN	NaN	NaN	NaN	NaN	NaN	NaN	NaN	NaN	NaN	NaN	NaN	NaN	NaN	NaN	NaN	NaN	NaN	NaN	NaN	NaN	NaN	NaN	NaN	NaN	NaN	NaN	NaN
6.4043	NaN	NaN	NaN	NaN	NaN	NaN	NaN	NaN	NaN	NaN	NaN	NaN	NaN	NaN	NaN	NaN	NaN	NaN	NaN	NaN	NaN	NaN	NaN	NaN	NaN	NaN	NaN	NaN	NaN	NaN	NaN	NaN	NaN	NaN	NaN	NaN	NaN	NaN	NaN	NaN	NaN	NaN	NaN	NaN	NaN	NaN	NaN
6.5377	NaN	NaN	NaN	NaN	NaN	NaN	NaN	NaN	NaN	NaN	NaN	NaN	NaN	NaN	NaN	NaN	NaN	NaN	NaN	NaN	NaN	NaN	NaN	NaN	NaN	NaN	NaN	NaN	NaN	NaN	NaN	NaN	NaN	NaN	NaN	NaN	NaN	NaN	NaN	NaN	NaN	NaN	NaN	NaN	NaN	NaN	NaN
6.6711	NaN	NaN	NaN	NaN	NaN	NaN	NaN	NaN	NaN	NaN	NaN	NaN	NaN	NaN	NaN	NaN	NaN	NaN	NaN	NaN	NaN	NaN	NaN	NaN	NaN	NaN	NaN	NaN	NaN	NaN	NaN	NaN	NaN	NaN	NaN	NaN	NaN	NaN	NaN	NaN	NaN	NaN	NaN	NaN	NaN	NaN	NaN
6.8045	NaN	NaN	NaN	NaN	NaN	NaN	NaN	NaN	NaN	NaN	NaN	NaN	NaN	NaN	NaN	NaN	NaN	NaN	NaN	NaN	NaN	NaN	NaN	NaN	NaN	NaN	NaN	NaN	NaN	NaN	NaN	NaN	NaN	NaN	NaN	NaN	NaN	NaN	NaN	NaN	NaN	NaN	NaN	NaN	NaN	NaN	NaN
6.9379	NaN	NaN	NaN	NaN	NaN	NaN	NaN	NaN	NaN	NaN	NaN	NaN	NaN	NaN	NaN	NaN	NaN	NaN	NaN	NaN	NaN	NaN	NaN	NaN	NaN	NaN	NaN	NaN	NaN	NaN	NaN	NaN	NaN	NaN	NaN	NaN	NaN	NaN	NaN	NaN	NaN	NaN	NaN	NaN	NaN	NaN	NaN
7.0714	NaN	NaN	NaN	NaN	NaN	NaN	NaN	NaN	NaN	NaN	NaN	NaN	NaN	NaN	NaN	NaN	NaN	NaN	NaN	NaN	NaN	NaN	NaN	NaN	NaN	NaN	NaN	NaN	NaN	NaN	NaN	NaN	NaN	NaN	NaN	NaN	NaN	NaN	NaN	NaN	NaN	NaN	NaN	NaN	NaN	NaN	NaN
7.2048	NaN	NaN	NaN	NaN	NaN	NaN	NaN	NaN	NaN	NaN	NaN	NaN	NaN	NaN	NaN	NaN	NaN	NaN	NaN	NaN	NaN	NaN	NaN	NaN	NaN	NaN	NaN	NaN	NaN	NaN	NaN	NaN	NaN	NaN	NaN	NaN	NaN	NaN	NaN	NaN	NaN	NaN	NaN	NaN	NaN	NaN	NaN
7.3382	NaN	NaN	NaN	NaN	NaN	NaN	NaN	NaN	NaN	NaN	NaN	NaN	NaN	NaN	NaN	NaN	NaN	NaN	NaN	NaN	NaN	NaN	NaN	NaN	NaN	NaN	NaN	NaN	NaN	NaN	NaN	NaN	NaN	NaN	NaN	NaN	NaN	NaN	NaN	NaN	NaN	NaN	NaN	NaN	NaN	NaN	NaN
7.4716	NaN	NaN	NaN	NaN	NaN	NaN	NaN	NaN	NaN	NaN	NaN	NaN	NaN	NaN	NaN	NaN	NaN	NaN	NaN	NaN	NaN	NaN	NaN	NaN	NaN	NaN	NaN	NaN	NaN	NaN	NaN	NaN	NaN	NaN	NaN	NaN	NaN	NaN	NaN	NaN	NaN	NaN	NaN	NaN	NaN	NaN	NaN
7.6051	NaN	NaN	NaN	NaN	NaN	NaN	NaN	NaN	NaN	NaN	NaN	NaN	NaN	NaN	NaN	NaN	NaN	NaN	NaN	NaN	NaN	NaN	NaN	NaN	NaN	NaN	NaN	NaN	NaN	NaN	NaN	NaN	NaN	NaN	NaN	NaN	NaN	NaN	NaN	NaN	NaN	NaN	NaN	NaN	NaN	NaN	NaN
7.7385	NaN	NaN	NaN	NaN	NaN	NaN	NaN	NaN	NaN	NaN	NaN	NaN	NaN	NaN	NaN	NaN	NaN	NaN	NaN	NaN	NaN	NaN	NaN	NaN	NaN	NaN	NaN	NaN	NaN	NaN	NaN	NaN	NaN	NaN	NaN	NaN	NaN	NaN	NaN	NaN	NaN	NaN	NaN	NaN	NaN	NaN	NaN
7.8719	NaN	NaN	NaN	NaN	NaN	NaN	NaN	NaN	NaN	NaN	NaN	NaN	NaN	NaN	NaN	NaN	NaN	NaN	NaN	NaN	NaN	NaN	NaN	NaN	NaN	NaN	NaN	NaN	NaN	NaN	NaN	NaN	NaN	NaN	NaN	NaN	NaN	NaN	NaN	NaN	NaN	NaN	NaN	NaN	NaN	NaN	NaN
8.0053	NaN	NaN	NaN	NaN	NaN	NaN	NaN	NaN	NaN	NaN	NaN	NaN	NaN	NaN	NaN	NaN	NaN	NaN	NaN	NaN	NaN	NaN	NaN	NaN	NaN	NaN	NaN	NaN	NaN	NaN	NaN	NaN	NaN	NaN	NaN	NaN	NaN	NaN	NaN	NaN	NaN	NaN	NaN	NaN	NaN	NaN	NaN
8.1387	NaN	NaN	NaN	NaN	NaN	NaN	NaN	NaN	NaN	NaN	NaN	NaN	NaN	NaN	NaN	NaN	NaN	NaN	NaN	NaN	NaN	NaN	NaN	NaN	NaN	NaN	NaN	NaN	NaN	NaN	NaN	NaN	NaN	NaN	NaN	NaN	NaN	NaN	NaN	NaN	NaN	NaN	NaN	NaN	NaN	NaN	NaN
8.2722	NaN	NaN	NaN	NaN	NaN	NaN	NaN	NaN	NaN	NaN	NaN	NaN	NaN	NaN	NaN	NaN	NaN	NaN	NaN	NaN	NaN	NaN	NaN	NaN	NaN	NaN	NaN	NaN	NaN	NaN	NaN	NaN	NaN	NaN	NaN	NaN	NaN	NaN	NaN	NaN	NaN	NaN	NaN	NaN	NaN	NaN	NaN
8.4056	NaN	NaN	NaN	NaN	NaN	NaN	NaN	NaN	NaN	NaN	NaN	NaN	NaN	NaN	NaN	NaN	NaN	NaN	NaN	NaN	NaN	NaN	NaN	NaN	NaN	NaN	NaN	NaN	NaN	NaN	NaN	NaN	NaN	NaN	NaN	NaN	NaN	NaN	NaN	NaN	NaN	NaN	NaN	NaN	NaN	NaN	NaN
8.539	NaN	NaN	NaN	NaN	NaN	NaN	NaN	NaN	NaN	NaN	NaN	NaN	NaN	NaN	NaN	NaN	NaN	NaN	NaN	NaN	NaN	NaN	NaN	NaN	NaN	NaN	NaN	NaN	NaN	NaN	NaN	NaN	NaN	NaN	NaN	NaN	NaN	NaN	NaN	NaN	NaN	NaN	NaN	NaN	NaN	NaN	NaN
8.6724	NaN	NaN	NaN	NaN	NaN	NaN	NaN	NaN	NaN	NaN	NaN	NaN	NaN	NaN	NaN	NaN	NaN	NaN	NaN	NaN	NaN	NaN	NaN	NaN	NaN	NaN	NaN	NaN	NaN	NaN	NaN	NaN	NaN	NaN	NaN	NaN	NaN	NaN	NaN	NaN	NaN	NaN	NaN	NaN	NaN	NaN	NaN
8.8058	NaN	NaN	NaN	NaN	NaN	NaN	NaN	NaN	NaN	NaN	NaN	NaN	NaN	NaN	NaN	NaN	NaN	NaN	NaN	NaN	NaN	NaN	NaN	NaN	NaN	NaN	NaN	NaN	NaN	NaN	NaN	NaN	NaN	NaN	NaN	NaN	NaN	NaN	NaN	NaN	NaN	NaN	NaN	NaN	NaN	NaN	NaN
8.9393	NaN	NaN	NaN	NaN	NaN	NaN	NaN	NaN	NaN	NaN	NaN	NaN	NaN	NaN	NaN	NaN	NaN	NaN	NaN	NaN	NaN	NaN	NaN	NaN	NaN	NaN	NaN	NaN	NaN	NaN	NaN	NaN	NaN	NaN	NaN	NaN	NaN	NaN	NaN	NaN	NaN	NaN	NaN	NaN	NaN	NaN	NaN
9.0727	NaN	NaN	NaN	NaN	NaN	NaN	NaN	NaN	NaN	NaN	NaN	NaN	NaN	NaN	NaN	NaN	NaN	NaN	NaN	NaN	NaN	NaN	NaN	NaN	NaN	NaN	NaN	NaN	NaN	NaN	NaN	NaN	NaN	NaN	NaN	NaN	NaN	NaN	NaN	NaN	NaN	NaN	NaN	NaN	NaN	NaN	NaN
9.2061	NaN	NaN	NaN	NaN	NaN	NaN	NaN	NaN	NaN	NaN	NaN	NaN	NaN	NaN	NaN	NaN	NaN	NaN	NaN	NaN	NaN	NaN	NaN	NaN	NaN	NaN	NaN	NaN	NaN	NaN	NaN	NaN	NaN	NaN	NaN	NaN	NaN	NaN	NaN	NaN	NaN	NaN	NaN	NaN	NaN	NaN	NaN
9.3395	NaN	NaN	NaN	NaN	NaN	NaN	NaN	NaN	NaN	NaN	NaN	NaN	NaN	NaN	NaN	NaN	NaN	NaN	NaN	NaN	NaN	NaN	NaN	NaN	NaN	NaN	NaN	NaN	NaN	NaN	NaN	NaN	NaN	NaN	NaN	NaN	NaN	NaN	NaN	NaN	NaN	NaN	NaN	NaN	NaN	NaN	NaN
