x	Y_20180212_14590_11_1g	Y_20180212_14590_12_1g	Y_20180212_14590_12_2g	Y_20180212_14590_18_3g	Y_20180212_14590_19_1g	Y_20180212_14590_1_1g	Y_20180212_14590_1_2g	Y_20180212_14590_1_5g	Y_20180212_14590_21_1g	Y_20180212_14590_21_2g	Y_20180212_14590_23_1g	Y_20180212_14590_26_1g	Y_20180212_14590_2_2g	Y_20180212_14590_2_4g	Y_20180212_14590_31_1g	Y_20180212_14590_31_2g	Y_20180212_14590_34_1g	Y_20180212_14590_37_1g	Y_20180212_14590_40_2g	Y_20180212_14590_40_3g	Y_20180212_14590_41_1g	Y_20180212_14590_41_2g	Y_20180212_14590_44_1g	Y_20180212_14590_5_1g	Y_20180212_14590_5_2g	Y_20180212_14590_9_1g	Y_20180212_14590b_10_5g	Y_20180212_14590b_12_6g	Y_20180212_14590b_17_1g	Y_20180212_14590b_22_2g	Y_20180212_14590b_26_6g	Y_20180212_14590b_30_5g	Y_20180212_14590b_38_2g	Y_20180212_14590b_38_4g	Y_20180212_14590b_3_3g	Y_20180212_14590b_3_4g	Y_20180212_14590b_40_2g	Y_20180212_14590b_47_1g	Y_20180212_14590b_47_7g	Y_20180212_14590b_48_12g	Y_20180212_14590b_5_6g	Y_20180212_14590b_9_7g
0	35803.875	41051.805	38003.766	41864.926	40136.461	35421.41	38614.875	40165.094	40254.906	40804.336	41101.07	37447.543	34903.227	36705.273	40629.676	37514.988	37189.5	37651.688	30429.852	36608.48	37972.051	40304.184	41042.156	40269.805	37556.035	37380.535	34738.34	36698.012	34461.766	41578.562	42104.387	36548.789	42698.473	39725.184	39951.051	35328.484	40621.094	36620.441	40942.258	30950.287	36344.125	34048.516
0.1334	35692.879	39947.992	37328.574	44007.645	40374.574	35904.109	40092.051	42065.789	41520.957	41062.703	41682.16	38094.188	34957.566	35085.59	40613.277	38200.016	38493.441	37528.289	31173.67	36480.555	37020.867	40511.25	41588.684	39829.34	37143.641	36757.004	35581.074	36986.164	34444.988	43008.293	39733.156	33453.285	44425.77	39892.645	40423.594	35196.023	40208.938	34626.145	40989.93	31820.404	37003.598	33512.504
0.2668	35271.891	40737.816	38493.613	44132.434	42357.426	36614.633	39304.664	41562.016	40970.988	41768.57	41253.438	35929.77	35713.859	38016.785	39848.418	38982.516	37661.332	37498.012	32427.732	36001.457	37642.207	41696.145	42207.18	38567.09	38301.312	38938.875	33133.023	38847.379	35051.094	44290.184	39522.637	34316.867	45125.848	41487.609	40031.684	36280.543	41537.922	34523.797	39914.652	30530.709	37350.77	33422.145
0.4003	35995.711	41220.695	38934.363	43342.391	39309.688	37720.027	39682.352	41248.66	39505.625	43697.07	41490.875	37104.414	35679.895	36561.109	39284.059	38780.793	37859.441	38656.992	32003.914	36249.605	38327.5	40919.297	41228.906	41157.574	37888.02	39546.477	35638.484	38426.914	35686.449	44761.023	38911.855	34952.113	45013.742	41672.871	41258.801	35248.781	44383.27	36431.855	42436.762	30894.916	38181.281	33893.863
0.5337	35345.922	40435.207	39661.02	42580.562	41910.074	39123.566	41353.848	44479.289	41046.488	43066.344	42304.406	38075.297	35551.094	37761.434	41181.375	39229.59	40557.641	38049.766	31735.48	36651.602	39532.016	42345.062	41485.586	41464.535	37987.504	40279.68	34983.559	40321.121	36984.957	45424.367	38851.02	36238.648	44905.469	40552.707	42115.906	35607.355	41790.402	37489.125	43483.262	31560.154	38129.422	32830.031
0.6671	36011.848	41463.191	38981.141	42146.559	40278.648	39443.051	40837.277	46664.535	40480.496	41613.602	42514.457	37410.867	35833.664	40128.023	42629.195	39298.395	39365.684	39260.703	32043.768	33766.031	39548.617	42907.746	42671.277	41036.555	38964.922	39652.469	34734.281	40618.738	37027.824	45596.711	41387.895	35824.902	42397.336	40992.168	43498.012	38321.336	46152.258	36811.184	46823.664	32817.781	37543.348	35647.688
0.8005	37984.086	42457.582	40815.664	41825.418	40180.785	38925.074	41368.973	54204.262	40400.543	40668.688	43991.293	36053.895	35998.348	43058.809	43179.941	40244.398	39523.758	40157.191	34523.133	38263.723	41037.512	44709.941	42190.215	42037.57	40871.648	39208.637	35759.594	41416.484	36432.199	50426.5	41582.332	36289.836	47185.887	42159.879	44083.031	43691.551	49402.758	40495.863	52676.902	34374.371	38509.543	36487.734
0.934	37890.344	49505.363	45713.77	43626.664	42633.777	45737.254	42549.152	76622.094	39952.945	42905.66	48131.199	37218.195	36474.828	50832.77	44098.641	42863.609	41701.105	39953.48	35178.047	41269.141	40354.199	47709.105	42812.559	44231.074	41448.062	38990.117	35351.965	40208.668	36106.145	62167.746	46232.863	35327.18	50577.559	43197.309	53905.074	55078.711	58904.215	52246.246	63398.184	40317.164	39598.98	37284.461
1.0674	39923.656	57914.941	54280.93	43778.414	41121.184	57801.594	43946.336	118460.703	41995.277	45649.656	56888.676	39437.48	40777.023	76167.594	50070.234	50715.938	43748.742	42931.934	38724.75	42995.875	41762.516	58825.242	44691.094	52646.441	43887.109	38882.152	36732.695	44156.547	35689.895	84248.047	54061.992	36879.48	66781.047	44181.219	69282.523	80616.445	82798.516	73105.797	70215.086	57610.016	44921.512	41543.52
1.2008	42328.293	82456.734	79042.617	46524.555	44157.051	74866.148	44216.66	139062.078	45328.961	51586.703	77311.344	44503.945	46663.875	117721.758	67629.234	67554.625	51440.605	51849.59	43581.43	51094.371	42678.773	78318.125	46361.652	75510.336	53613.289	40694.031	41254.922	49803.387	37370.984	85336.445	83309.031	37838.816	78807.094	50396.691	71541.391	98055.031	123840.227	78680.086	60437.719	81587.023	55405.145	49418.477
1.3342	54629.785	100744.016	102263.328	54958.418	48650.297	75386.414	46743.348	103402.883	49684.645	65990.727	87697.5	51417.73	60034.219	125606.922	100087.875	95901.805	74207.648	66549.344	59130.504	71490.578	40951.832	87495.695	51386.805	88927.273	73196.484	41744.395	47285.672	80318.758	41976.625	63292.078	154283.625	40277.105	66417.766	65160.742	59080.949	77620.586	127407.25	60316.824	47692.277	84154.297	59699.043	61237.801
1.4676	74482.055	85218.273	86440.242	72913.406	62194.234	58142.57	55724.895	66257.922	70355.477	92185.844	72730.562	60322.141	66531.812	86810.352	115138.555	96142.625	114205.719	74544.414	77597.258	92839.82	45384.996	69441.273	68710.945	73322.523	90443.93	43707.703	60318.562	122735.359	54059.727	49136.293	205164.5	47979.594	55828.625	81437.352	47318.383	53421.832	87498.766	45940.266	42274.777	62113.527	52009.414	66400.773
1.6011	78872.812	61046.969	62709.262	95891.109	86102.609	46399.688	71261.211	50267.867	90237.586	102577.258	56506.242	56747.102	55377.453	54624.859	87844.961	73823.047	119408.766	62985.246	74657.141	84413.336	55854.016	54465.059	87498.703	54483.773	79092.656	47010.062	56746.332	133424.359	71017.883	NaN	161461.719	56726.59	55013.062	75431.188	44149.324	43936.613	62331.234	41331.727	42079.055	44321.18	44035.332	58287.25
1.7345	59248.773	50568.414	48508.988	93940.18	97355.461	NaN	79473.211	NaN	86552.375	73930.055	NaN	48378.809	42894.176	44676.469	61978.359	52618.684	81786.289	47646.277	53387.094	56562.469	62748.008	45771.301	87898.258	47410.844	57750.539	49411.41	44570.059	96424.398	84074.102	NaN	92945.977	57556.137	NaN	57554.602	NaN	NaN	49702.996	NaN	41175.906	NaN	NaN	46534.355
1.8679	46006.871	46720.453	44578.016	70509.734	76053.203	NaN	67031.328	NaN	68341.18	52343.406	NaN	44872.57	38889.887	NaN	50632.895	45304.637	55654.902	NaN	42302.629	46805.82	57615.43	NaN	66916.805	44473.102	45592.277	63471.367	38867.066	61369.719	63991.566	NaN	58274.508	46861.48	NaN	47610.93	NaN	NaN	43118.527	NaN	NaN	NaN	NaN	40553.395
2.0013	41538.879	45570.238	NaN	57294.23	55664.77	NaN	51122.762	NaN	54084.613	45224.23	NaN	45630.289	35876.938	NaN	44911.109	43685.906	44886.762	NaN	NaN	41880.699	49953.223	NaN	50218.758	NaN	40973.656	79306.453	36487.895	49089.887	47159.824	NaN	NaN	38843.766	NaN	43550.074	NaN	NaN	NaN	NaN	NaN	NaN	NaN	NaN
2.1348	38162.914	NaN	NaN	52349.191	NaN	NaN	45363.316	NaN	48237.312	42710.062	NaN	NaN	NaN	NaN	41818.84	NaN	40637.496	NaN	NaN	NaN	NaN	NaN	44120.59	NaN	NaN	74321.117	NaN	NaN	39047.82	NaN	NaN	35977.613	NaN	42225.203	NaN	NaN	NaN	NaN	NaN	NaN	NaN	NaN
2.2682	NaN	NaN	NaN	54802.125	NaN	NaN	43748.105	NaN	46813.508	39513.027	NaN	NaN	NaN	NaN	NaN	NaN	NaN	NaN	NaN	NaN	NaN	NaN	42451.184	NaN	NaN	59443.305	NaN	NaN	NaN	NaN	NaN	34833.227	NaN	NaN	NaN	NaN	NaN	NaN	NaN	NaN	NaN	NaN
2.4016	NaN	NaN	NaN	NaN	NaN	NaN	NaN	NaN	NaN	NaN	NaN	NaN	NaN	NaN	NaN	NaN	NaN	NaN	NaN	NaN	NaN	NaN	41103.523	NaN	NaN	50275.883	NaN	NaN	NaN	NaN	NaN	NaN	NaN	NaN	NaN	NaN	NaN	NaN	NaN	NaN	NaN	NaN
2.535	NaN	NaN	NaN	NaN	NaN	NaN	NaN	NaN	NaN	NaN	NaN	NaN	NaN	NaN	NaN	NaN	NaN	NaN	NaN	NaN	NaN	NaN	NaN	NaN	NaN	44293.402	NaN	NaN	NaN	NaN	NaN	NaN	NaN	NaN	NaN	NaN	NaN	NaN	NaN	NaN	NaN	NaN
2.6684	NaN	NaN	NaN	NaN	NaN	NaN	NaN	NaN	NaN	NaN	NaN	NaN	NaN	NaN	NaN	NaN	NaN	NaN	NaN	NaN	NaN	NaN	NaN	NaN	NaN	43110.852	NaN	NaN	NaN	NaN	NaN	NaN	NaN	NaN	NaN	NaN	NaN	NaN	NaN	NaN	NaN	NaN
2.8019	NaN	NaN	NaN	NaN	NaN	NaN	NaN	NaN	NaN	NaN	NaN	NaN	NaN	NaN	NaN	NaN	NaN	NaN	NaN	NaN	NaN	NaN	NaN	NaN	NaN	NaN	NaN	NaN	NaN	NaN	NaN	NaN	NaN	NaN	NaN	NaN	NaN	NaN	NaN	NaN	NaN	NaN
2.9353	NaN	NaN	NaN	NaN	NaN	NaN	NaN	NaN	NaN	NaN	NaN	NaN	NaN	NaN	NaN	NaN	NaN	NaN	NaN	NaN	NaN	NaN	NaN	NaN	NaN	NaN	NaN	NaN	NaN	NaN	NaN	NaN	NaN	NaN	NaN	NaN	NaN	NaN	NaN	NaN	NaN	NaN
3.0687	NaN	NaN	NaN	NaN	NaN	NaN	NaN	NaN	NaN	NaN	NaN	NaN	NaN	NaN	NaN	NaN	NaN	NaN	NaN	NaN	NaN	NaN	NaN	NaN	NaN	NaN	NaN	NaN	NaN	NaN	NaN	NaN	NaN	NaN	NaN	NaN	NaN	NaN	NaN	NaN	NaN	NaN
3.2021	NaN	NaN	NaN	NaN	NaN	NaN	NaN	NaN	NaN	NaN	NaN	NaN	NaN	NaN	NaN	NaN	NaN	NaN	NaN	NaN	NaN	NaN	NaN	NaN	NaN	NaN	NaN	NaN	NaN	NaN	NaN	NaN	NaN	NaN	NaN	NaN	NaN	NaN	NaN	NaN	NaN	NaN
