x	Y_20180224_15100_10_6g	Y_20180224_15100_10_8g	Y_20180224_15100_11_3g	Y_20180224_15100_16_5g	Y_20180224_15100_16_6g	Y_20180224_15100_16_7g	Y_20180224_15100_17_1g	Y_20180224_15100_17_6g	Y_20180224_15100_18_3g	Y_20180224_15100_18_8g	Y_20180224_15100_19_11_2g	Y_20180224_15100_19_17g	Y_20180224_15100_19_3g	Y_20180224_15100_19_5_2g	Y_20180224_15100_2_1g	Y_20180224_15100_23_4g	Y_20180224_15100_27_4g	Y_20180224_15100_29_3g	Y_20180224_15100_29_7g	Y_20180224_15100_30_3g	Y_20180224_15100_30_6g	Y_20180224_15100_32_1g	Y_20180224_15100_33_3_2g	Y_20180224_15100_33_5g	Y_20180224_15100_4_5g	Y_20180224_15100_6_7g	Y_20180224_15100_7_11g	Y_20180224_15100_7_2g	Y_20180224_15100_8_6g
0	37657.637	35995.633	34399.145	35788.836	40941.016	39823.984	32852.301	39912.098	41891.773	35774.23	40088.551	35993.527	37483	36670.945	38110.465	37630.055	39113.957	38590.922	35012.07	38421.422	39109.016	39849.465	36881.375	35944.312	38523.102	38473.695	39700.902	38460.965	36788.754
0.1334	37003.246	36917.512	34032.891	37589.258	39746.719	39244.254	32660.475	38761.07	39753.762	36843.184	39971.629	34900.73	38144.828	35475.473	37037.859	36104.402	38869.281	38350.07	33636.863	38982.379	40570.637	39931.316	37545.441	35862.082	40557.234	38972.406	39061.859	38995.871	38432.363
0.2668	38131.887	35066.871	34429.98	36294.113	40110.973	37710.602	32837.496	38612.914	40018.203	35487.523	39480.289	34687.414	40359.914	36331.238	38386.945	35727.934	38314.586	38587.375	34829.074	38109.176	41305.34	40745.602	39198.707	34471.312	41165.055	38564.656	37957.691	39542.355	39056.633
0.4003	40258.301	36124.262	34812.914	38131.559	42317.168	38528.016	34454.121	39964.082	39372.266	37678.477	39531.051	34972.137	39097.938	37697.387	36933.539	36308.301	38960.836	38712.496	32598.977	38454.469	40819.656	39683.609	39449.395	34191.355	39105.555	38746.598	38582.098	40270.672	38878.695
0.5337	41168.453	37470.254	33279.07	37689.641	40713.93	37826.109	33266.625	39374.379	38521.172	37775.969	41044.539	33662.02	38838.195	37268.402	38018.09	36326.957	39105.938	39208.996	36093.551	40082.391	40587.145	38621.801	40842.598	33171.441	40600.137	37973.438	38924.941	40339.488	38447.848
0.6671	40683.102	36906.113	34076.801	37827.254	39558.504	37587.574	33288.363	40093.324	40870.66	37583.309	40830.582	34643.324	36270.242	38751.922	37080.938	35065.641	38352.188	40731.07	38894.324	40194.184	40828.324	38395.719	40092.176	33947.215	40175.336	37878.637	39228.07	39767.32	37860.348
0.8005	39923.625	38377.941	34335.254	37826.734	38356.453	38602.797	33197.949	38791.629	41312.027	36703.957	43634.848	34400.625	38723.762	40216.207	37822.828	36140.219	39434.914	43034.809	38120.547	39769.387	42714.461	38570.066	41478.492	33387.656	40289.969	39723.043	39719.062	38812.059	36673.598
0.934	42038.254	40596.316	34536.715	39944.312	39968.414	39543.457	33069.062	43686.277	42404.387	36851.453	46314.965	36944.93	41225.73	44250.445	38123.391	38436.438	39757.418	41353.215	38378.547	41937.996	43299.281	39275.055	42727.293	32755.516	40739.484	38816.242	38076.926	38708.5	37298.91
1.0674	41785	39770.715	33793.336	41787.039	40390.098	40084.137	34606.227	47699.762	42309.211	38592.117	55582.332	39516.109	41946.25	51682.992	38910.301	41398.91	40527.656	45891.074	42136.832	44314.121	47089.816	38607.883	43864.789	35131.938	38637.473	40407.809	41662.168	37487.273	39919.355
1.2008	46086.66	42686.723	36215.449	46600.121	43318.52	42137.008	37480.242	58187.824	45133.41	43687.637	76772.797	45163.703	45635.695	72310.328	39404.805	51765.57	45022.984	56855.559	46122.766	51380.664	56935.535	40140.957	47471.312	38235.469	39799.281	46494.719	45862.137	39923.535	39402.184
1.3342	59341.387	52588.625	40039.012	54679.656	49341.02	46843.379	42788.008	81770.055	52979.078	50729.535	123928.422	65142.191	58866.512	114499.5	40651.336	75043.977	52985.238	73998.047	55447.742	72252.109	77243.141	42989.574	56022.207	43489.332	40939.906	64787.621	58730.77	42294.246	42995.199
1.4676	83697.969	70765.344	51683.828	88990.133	60364.559	58510.629	59147.039	97099.883	77406.297	71405.508	158317.219	77304.969	91979.82	135078.812	49094.375	100220.516	62800.836	74820.281	77106.734	104529.562	85042.852	48135.527	77119.477	59163.477	43154.078	94300.227	87402.805	48618.23	48931.324
1.6011	92183.156	84954.484	80011.625	139990.641	93887.039	95066.531	88212.867	81880.922	132670.75	82802.609	132004.812	68127.625	115277.039	99381.797	71997.047	88763.266	60413.27	58346.535	79601	131270.625	68647.656	66185.766	102421.148	98191.812	50426.344	103713.914	125708.734	68524.234	67085.047
1.7345	70271.219	67602.703	112574.773	147174.469	135517.547	135288.938	101018.984	56344.613	177326.266	68224.094	79798.25	50987.551	92737.344	61539.004	119002.062	60460.566	49562.594	46632.824	59025.113	114315.555	53458.488	101478.086	93638.75	147863.422	65125.637	73482.672	120311.969	85485.117	85379.32
1.8679	51944.754	48328.766	110515.031	87639.125	128672.477	119228.172	69524.906	44199.422	157808.562	49272.637	55965.004	42201.59	59187.598	49262.785	158695.281	47796.035	43449.91	43123.547	46475.164	69233.922	46855.891	144200.812	66778.375	133978.203	102448.164	51505.652	83365.516	76913.164	77051.07
2.0013	44310.188	41199.898	76438.539	56882.832	89103.008	78385.617	47972.316	41095.691	94995.594	39957.234	NaN	38781.914	44465.43	NaN	133390.375	NaN	41335.395	NaN	39203.742	49700.988	NaN	136336.984	50985.566	85749.648	129013.719	44986.191	52986.859	56943.477	54688.285
2.1348	NaN	38830.625	50777.922	44981.73	64353.734	55436.059	38185.262	NaN	64029.332	NaN	NaN	NaN	NaN	NaN	82981.203	NaN	NaN	NaN	39007.137	45042.742	NaN	87907.977	43973.883	56608.887	111095.875	42533.59	43791.23	44617.078	44232.777
2.2682	NaN	NaN	41269.477	NaN	54394.812	46771.77	36674.047	NaN	52653.738	NaN	NaN	NaN	NaN	NaN	56175.988	NaN	NaN	NaN	NaN	NaN	NaN	60448.863	NaN	42625.023	68509.336	NaN	NaN	NaN	41461.738
2.4016	NaN	NaN	38055.246	NaN	47944.43	42867.887	NaN	NaN	45411.492	NaN	NaN	NaN	NaN	NaN	NaN	NaN	NaN	NaN	NaN	NaN	NaN	49892.918	NaN	NaN	48971.484	NaN	NaN	NaN	37391.031
2.535	NaN	NaN	36940.648	NaN	NaN	NaN	NaN	NaN	NaN	NaN	NaN	NaN	NaN	NaN	NaN	NaN	NaN	NaN	NaN	NaN	NaN	45362.145	NaN	NaN	42374.164	NaN	NaN	NaN	36115.996
2.6684	NaN	NaN	NaN	NaN	NaN	NaN	NaN	NaN	NaN	NaN	NaN	NaN	NaN	NaN	NaN	NaN	NaN	NaN	NaN	NaN	NaN	42483.418	NaN	NaN	40325.883	NaN	NaN	NaN	NaN
2.8019	NaN	NaN	NaN	NaN	NaN	NaN	NaN	NaN	NaN	NaN	NaN	NaN	NaN	NaN	NaN	NaN	NaN	NaN	NaN	NaN	NaN	41092.512	NaN	NaN	41236.18	NaN	NaN	NaN	NaN
2.9353	NaN	NaN	NaN	NaN	NaN	NaN	NaN	NaN	NaN	NaN	NaN	NaN	NaN	NaN	NaN	NaN	NaN	NaN	NaN	NaN	NaN	NaN	NaN	NaN	NaN	NaN	NaN	NaN	NaN
3.0687	NaN	NaN	NaN	NaN	NaN	NaN	NaN	NaN	NaN	NaN	NaN	NaN	NaN	NaN	NaN	NaN	NaN	NaN	NaN	NaN	NaN	NaN	NaN	NaN	NaN	NaN	NaN	NaN	NaN
3.2021	NaN	NaN	NaN	NaN	NaN	NaN	NaN	NaN	NaN	NaN	NaN	NaN	NaN	NaN	NaN	NaN	NaN	NaN	NaN	NaN	NaN	NaN	NaN	NaN	NaN	NaN	NaN	NaN	NaN
3.3356	NaN	NaN	NaN	NaN	NaN	NaN	NaN	NaN	NaN	NaN	NaN	NaN	NaN	NaN	NaN	NaN	NaN	NaN	NaN	NaN	NaN	NaN	NaN	NaN	NaN	NaN	NaN	NaN	NaN
3.469	NaN	NaN	NaN	NaN	NaN	NaN	NaN	NaN	NaN	NaN	NaN	NaN	NaN	NaN	NaN	NaN	NaN	NaN	NaN	NaN	NaN	NaN	NaN	NaN	NaN	NaN	NaN	NaN	NaN
3.6024	NaN	NaN	NaN	NaN	NaN	NaN	NaN	NaN	NaN	NaN	NaN	NaN	NaN	NaN	NaN	NaN	NaN	NaN	NaN	NaN	NaN	NaN	NaN	NaN	NaN	NaN	NaN	NaN	NaN
3.7358	NaN	NaN	NaN	NaN	NaN	NaN	NaN	NaN	NaN	NaN	NaN	NaN	NaN	NaN	NaN	NaN	NaN	NaN	NaN	NaN	NaN	NaN	NaN	NaN	NaN	NaN	NaN	NaN	NaN
3.8692	NaN	NaN	NaN	NaN	NaN	NaN	NaN	NaN	NaN	NaN	NaN	NaN	NaN	NaN	NaN	NaN	NaN	NaN	NaN	NaN	NaN	NaN	NaN	NaN	NaN	NaN	NaN	NaN	NaN
4.0027	NaN	NaN	NaN	NaN	NaN	NaN	NaN	NaN	NaN	NaN	NaN	NaN	NaN	NaN	NaN	NaN	NaN	NaN	NaN	NaN	NaN	NaN	NaN	NaN	NaN	NaN	NaN	NaN	NaN
4.1361	NaN	NaN	NaN	NaN	NaN	NaN	NaN	NaN	NaN	NaN	NaN	NaN	NaN	NaN	NaN	NaN	NaN	NaN	NaN	NaN	NaN	NaN	NaN	NaN	NaN	NaN	NaN	NaN	NaN
4.2695	NaN	NaN	NaN	NaN	NaN	NaN	NaN	NaN	NaN	NaN	NaN	NaN	NaN	NaN	NaN	NaN	NaN	NaN	NaN	NaN	NaN	NaN	NaN	NaN	NaN	NaN	NaN	NaN	NaN
4.4029	NaN	NaN	NaN	NaN	NaN	NaN	NaN	NaN	NaN	NaN	NaN	NaN	NaN	NaN	NaN	NaN	NaN	NaN	NaN	NaN	NaN	NaN	NaN	NaN	NaN	NaN	NaN	NaN	NaN
