x	Y_20181208_15794_1_18g	Y_20181208_15794_1_1g	Y_20181208_15794_1_20g	Y_20181208_15794_1_21g	Y_20181208_15794_12_3g	Y_20181208_15794_12_9g	Y_20181208_15794_14_2g	Y_20181208_15794_14_7g	Y_20181208_15794_15_1g	Y_20181208_15794_15_3g	Y_20181208_15794_15_6g	Y_20181208_15794_20_7g	Y_20181208_15794_21_11g	Y_20181208_15794_21_8g	Y_20181208_15794_23_14g	Y_20181208_15794_24_8g	Y_20181208_15794_25_5g	Y_20181208_15794_26_14g	Y_20181208_15794_26_1g	Y_20181208_15794_27_10g	Y_20181208_15794_27_7g	Y_20181208_15794_5_17g	Y_20181208_15794_5_8g	Y_20181208_15794_6_8g	Y_20181208_15794_7_17g	Y_20181208_15794_8_12g	Y_20181208_15794_8_1g	Y_20181208_15794_9_5g	Y_20181208_15794_9_9g	Y_20181208_15794b_1_6g	Y_20181208_15794b_6_6g
0	31959.2363	30919.6211	31105.5762	29150.6523	30198.2812	29494.1738	28891.3711	28625.3262	27559.4434	29763.5332	31882.3633	28480.2461	29094.0762	31459.0547	29846.8125	25328.9824	31579.082	32531.9609	26882.707	31786.1152	30593.4609	29275.8652	30370.3496	26283.2754	32025.3242	30455.3594	31074.2246	26800.6074	27755.4551	32140.9355	30927.2773
0.1334	32182.1699	29284.5566	31348.4395	29097.3555	31494.9648	30279.7266	28999.457	29498.5234	27178.998	31558.6309	32305.9043	27568.6387	28796.9219	29962.2109	30249.4902	24873.4473	30280.4922	32093.8887	27154.082	32494.9668	31205.209	28620.8477	29895.9766	25282.7305	30145.5742	28897.3223	30924.0645	26456.9512	27535.1426	31168.4941	30612.7383
0.2668	32877.3125	30099.3262	29983.3906	28753.7773	31533.9492	28309.4688	29328.1719	28476.8086	27220.0039	30596.1992	32616.1543	28260.6055	28707.0469	29956.3672	29921.1719	25676.6582	30748.8164	32093.5938	27672.1484	32121.7598	31073.8301	29518.9629	31001.377	25904.3613	30703.5137	30430.7363	31366.6309	27598.5938	26825.5098	31019.8633	30699.4805
0.4003	32395.6172	29787.9199	30666.334	29758.125	33122.9414	29805.043	29953.3457	29738.8594	26358.2656	29864.8281	31655.5195	25794.332	29324.7949	29989.3613	30123.8008	25922.8711	31761.3418	32016.2148	26540.1074	31258.6133	30162.2871	27985.0957	31041.2715	24736.8457	31693.4727	30075.0508	31330.3457	28883.5547	28447.8574	31089.2734	29686.959
0.5337	32998.8086	30422.4961	32003.5625	29786.6523	31395.5293	30153.1465	30565.625	29171.0098	27177.1055	31033.7578	32105.6699	26865.0801	30550.6895	31135.2422	30643.1133	26839.4375	31343.4746	31074.375	26720.7129	32279.8535	32233.2754	28062.9805	32712.1836	25881.584	32255.2773	30889.1973	32279.9258	27726.9062	27686.6855	32324.5332	32123.3711
0.6671	32919.125	29749.8223	31640.0215	30942.5234	30496.6309	30680.6191	28478.4766	29405.0508	29201.1309	30557.2188	30418.9668	27139.8359	31316.0879	31694.9668	30415.3398	26368.3047	31921.1152	32021.5918	26790.2578	31901.6543	32420.457	29106.4629	32046.5859	26533.4863	32777.6211	32200.168	31508.3672	28362.3848	27992.6211	33067.0078	32011.7012
0.8005	34738.582	30834.1074	31522.8457	32676.334	31915.1699	30452.6016	29566.9141	30257.0078	27656.1328	30557.1836	31091.7969	28045.4844	34228.3203	30386.6973	31577.5469	27332.2695	33585.9883	32238.0898	25991.1602	33522.2383	34266.5781	27546.2578	31095.8398	27073.6602	32537.4824	30939.5898	33323.6523	30047.2031	27343.334	33475.7812	34409.4492
0.934	36537.3203	32103.1191	33982.5781	36328.1094	32906.8438	30645.957	29311.6152	30193.9785	27679.5215	31842.8086	31725.7051	28622.6562	38343.2383	31445.8496	32994.5	26772.3418	36234.375	32106.4434	25935.3965	33467.5664	33160.5859	27832.748	31951.2852	26573.0898	35164.332	31782.5371	32719.3672	32741.4883	28177.7715	34737.2812	39184.957
1.0674	39785.5352	34148.3008	36345.4258	47559.8516	35189.2734	33232.1562	28906.5605	32726.7305	27670.623	31077.0879	32938.3633	29747.3574	46077.2109	34833.6055	39551.5234	27842.7617	39927.9922	32350.5391	27092.123	35633.1602	35211.293	28094.6895	31376.0234	28765.9531	38132.9492	32693.9258	35403.1641	39235.1758	32739.5605	40565.5938	51165.6875
1.2008	49616.4258	43048.832	40205.957	69626.8438	37094.1484	37602.7148	31243.4883	31505.6855	28338.2207	31977.9062	35288.5625	30143.3477	63659.4258	45091.1875	51057.1992	28575.4492	48499.3828	32501.2793	28507.3105	37893.2617	38569.6328	29073.3086	32149.9629	30018.0469	45770.043	34612.6172	42073.7812	54442.5234	39247.5938	55479.4805	71995.0625
1.3342	57666.2227	60513.4062	50628.6016	85324.0078	43769.3945	49530.3477	31976.8027	30683.7832	29153.4922	35047.207	39823.0391	34751.1875	75779.4141	58850.9727	73966.2188	34124.7852	69776.1328	32574.0977	32348.9648	43859.7109	54467.2461	33300.7383	33507.1992	33128.4023	60976.7148	38359.8555	60803.2266	86236.9531	54952.6562	85712.0781	84354.2656
1.4676	52380.8242	75729.7344	76685.1484	71941.1562	61606.9727	63864.5	34872.1992	28442.2422	30630.918	41290.6836	55285.2344	46235.6562	61516.793	58592.1172	87690.2344	45812.0469	88853.9141	33093.5273	40214.3828	55207.2148	83424.1094	41896.1406	33330.9844	43254.3125	88270.8281	42839.5117	85362.0469	92958.9688	75900.2188	104060.7969	70210.6328
1.6011	40504.1289	69069.5547	104577.5156	49630.9805	98481.7266	60301.9609	44219.9492	30928.8535	32084.5781	58831.0195	82041.7422	68246.6953	41825.5234	45118.7344	70132.1953	57784.8164	76839.3984	33291.6797	47797.2656	71900.8047	115431.5156	59190.3398	35470.1797	61406.7969	93765.1484	55105.3008	81762.7266	69901.6094	70546.5859	83453.2266	51774.4883
1.7345	36126.7422	50332.7109	88389.7188	37902.2539	118413.2031	47466.6641	62302.2266	33991.6289	35020.3008	78121.875	97800.5547	85466.0938	33384.6953	35957.2344	46563.5703	54785.4336	55990.5156	32592.8477	45650.2188	64051.3555	101132.7344	77485.6016	39803.0859	76934.9531	67819.0938	63926.8008	58500.0898	44497.3789	47233.375	54683.8281	39703.7188
1.8679	34601.1289	37512.2617	63205.5195	34939.0234	87232.4219	38468.4375	71244.4922	42620.6445	39143.8398	80074.2656	71552.5703	69839.5938	31275.2715	33830.0586	37439.25	41007.1953	43412.6328	33139.2422	36956.5156	45791.9727	62822.4648	69221.3438	46275.9375	71787.7109	45862.6406	58868.8633	43367.9531	34473.0586	33280.8281	41441.7695	37141.2656
2.0013	33162.7812	33928.0625	56889.75	34479.0781	57129.0195	33424.6055	57101.8633	61666.2266	36938.8828	55579.4258	49886.207	42864.6172	30960.8164	35298.3047	34008.1133	32787.4922	37761.0703	33127.4258	32565.7812	37755.7812	45061.4961	46668.0469	50857.625	52803.0703	36848.8086	44278.9492	37073.7305	32612.5977	29743.3965	38372.0312	NaN
2.1347	NaN	31540.3711	NaN	34652.6719	43190.5273	32650.2441	43596.9922	76392.5234	34624.4258	41034.4727	46543.4414	34305.8086	29815.0059	NaN	33621.6172	29464.1191	36321.3672	36631.1602	30109.2031	35080.2969	38908.6602	34896.0664	46075.543	38122.2812	35748.0273	36415.1133	35232.0352	33187.332	28679.375	34609.0117	NaN
2.2682	NaN	30130.9336	NaN	NaN	39282.8594	31266.5254	40258.9492	67302.1172	31787.9355	35524.1953	43087.8945	31114.7051	NaN	NaN	31055.0234	27532.9023	33200.25	39599.1445	29140.2773	34125.8398	36017.9883	32053.4004	39881.7344	32205.8691	34047.8789	35173.7461	35870.4883	NaN	NaN	33343.4492	NaN
2.4016	NaN	NaN	NaN	NaN	37108.4609	31079.8359	41830.0508	46206.8984	30601.7168	32985.4492	38931.1133	30805.9727	NaN	NaN	NaN	27425.5801	33751.957	51637.0234	27981.2402	32924.0547	34651.5859	NaN	36992.625	29475.0352	34342.5078	31123.4004	NaN	NaN	NaN	NaN	NaN
2.535	NaN	NaN	NaN	NaN	35303.3359	NaN	NaN	37424.707	30040.3008	31314.8145	37630.832	30695.5156	NaN	NaN	NaN	NaN	NaN	74649.0859	27392.125	33051.3398	35007.6055	NaN	37985.9648	28647	33205.0664	NaN	NaN	NaN	NaN	NaN	NaN
2.6684	NaN	NaN	NaN	NaN	36938.2188	NaN	NaN	33479.3047	30671.7559	30704.0938	NaN	30963.168	NaN	NaN	NaN	NaN	NaN	84305.3984	NaN	35045.9023	NaN	NaN	NaN	28275.1582	NaN	NaN	NaN	NaN	NaN	NaN	NaN
2.8019	NaN	NaN	NaN	NaN	37520.5977	NaN	NaN	32838.7422	NaN	31495.0352	NaN	NaN	NaN	NaN	NaN	NaN	NaN	69457.3516	NaN	NaN	NaN	NaN	NaN	27142.4863	NaN	NaN	NaN	NaN	NaN	NaN	NaN
2.9353	NaN	NaN	NaN	NaN	NaN	NaN	NaN	31261.2949	NaN	NaN	NaN	NaN	NaN	NaN	NaN	NaN	NaN	50318.6484	NaN	NaN	NaN	NaN	NaN	NaN	NaN	NaN	NaN	NaN	NaN	NaN	NaN
3.0687	NaN	NaN	NaN	NaN	NaN	NaN	NaN	31143.8887	NaN	NaN	NaN	NaN	NaN	NaN	NaN	NaN	NaN	43243.9414	NaN	NaN	NaN	NaN	NaN	NaN	NaN	NaN	NaN	NaN	NaN	NaN	NaN
3.2021	NaN	NaN	NaN	NaN	NaN	NaN	NaN	31532.4688	NaN	NaN	NaN	NaN	NaN	NaN	NaN	NaN	NaN	38543.5547	NaN	NaN	NaN	NaN	NaN	NaN	NaN	NaN	NaN	NaN	NaN	NaN	NaN
3.3355	NaN	NaN	NaN	NaN	NaN	NaN	NaN	30281.1738	NaN	NaN	NaN	NaN	NaN	NaN	NaN	NaN	NaN	34450.832	NaN	NaN	NaN	NaN	NaN	NaN	NaN	NaN	NaN	NaN	NaN	NaN	NaN
3.469	NaN	NaN	NaN	NaN	NaN	NaN	NaN	30421.916	NaN	NaN	NaN	NaN	NaN	NaN	NaN	NaN	NaN	35598.4141	NaN	NaN	NaN	NaN	NaN	NaN	NaN	NaN	NaN	NaN	NaN	NaN	NaN
3.6024	NaN	NaN	NaN	NaN	NaN	NaN	NaN	32764.2988	NaN	NaN	NaN	NaN	NaN	NaN	NaN	NaN	NaN	35264.0039	NaN	NaN	NaN	NaN	NaN	NaN	NaN	NaN	NaN	NaN	NaN	NaN	NaN
3.7358	NaN	NaN	NaN	NaN	NaN	NaN	NaN	NaN	NaN	NaN	NaN	NaN	NaN	NaN	NaN	NaN	NaN	34859.293	NaN	NaN	NaN	NaN	NaN	NaN	NaN	NaN	NaN	NaN	NaN	NaN	NaN
3.8692	NaN	NaN	NaN	NaN	NaN	NaN	NaN	NaN	NaN	NaN	NaN	NaN	NaN	NaN	NaN	NaN	NaN	33244.1211	NaN	NaN	NaN	NaN	NaN	NaN	NaN	NaN	NaN	NaN	NaN	NaN	NaN
4.0027	NaN	NaN	NaN	NaN	NaN	NaN	NaN	NaN	NaN	NaN	NaN	NaN	NaN	NaN	NaN	NaN	NaN	NaN	NaN	NaN	NaN	NaN	NaN	NaN	NaN	NaN	NaN	NaN	NaN	NaN	NaN
4.1361	NaN	NaN	NaN	NaN	NaN	NaN	NaN	NaN	NaN	NaN	NaN	NaN	NaN	NaN	NaN	NaN	NaN	NaN	NaN	NaN	NaN	NaN	NaN	NaN	NaN	NaN	NaN	NaN	NaN	NaN	NaN
4.2695	NaN	NaN	NaN	NaN	NaN	NaN	NaN	NaN	NaN	NaN	NaN	NaN	NaN	NaN	NaN	NaN	NaN	NaN	NaN	NaN	NaN	NaN	NaN	NaN	NaN	NaN	NaN	NaN	NaN	NaN	NaN
4.4029	NaN	NaN	NaN	NaN	NaN	NaN	NaN	NaN	NaN	NaN	NaN	NaN	NaN	NaN	NaN	NaN	NaN	NaN	NaN	NaN	NaN	NaN	NaN	NaN	NaN	NaN	NaN	NaN	NaN	NaN	NaN
4.5363	NaN	NaN	NaN	NaN	NaN	NaN	NaN	NaN	NaN	NaN	NaN	NaN	NaN	NaN	NaN	NaN	NaN	NaN	NaN	NaN	NaN	NaN	NaN	NaN	NaN	NaN	NaN	NaN	NaN	NaN	NaN
4.6698	NaN	NaN	NaN	NaN	NaN	NaN	NaN	NaN	NaN	NaN	NaN	NaN	NaN	NaN	NaN	NaN	NaN	NaN	NaN	NaN	NaN	NaN	NaN	NaN	NaN	NaN	NaN	NaN	NaN	NaN	NaN
4.8032	NaN	NaN	NaN	NaN	NaN	NaN	NaN	NaN	NaN	NaN	NaN	NaN	NaN	NaN	NaN	NaN	NaN	NaN	NaN	NaN	NaN	NaN	NaN	NaN	NaN	NaN	NaN	NaN	NaN	NaN	NaN
4.9366	NaN	NaN	NaN	NaN	NaN	NaN	NaN	NaN	NaN	NaN	NaN	NaN	NaN	NaN	NaN	NaN	NaN	NaN	NaN	NaN	NaN	NaN	NaN	NaN	NaN	NaN	NaN	NaN	NaN	NaN	NaN
5.07	NaN	NaN	NaN	NaN	NaN	NaN	NaN	NaN	NaN	NaN	NaN	NaN	NaN	NaN	NaN	NaN	NaN	NaN	NaN	NaN	NaN	NaN	NaN	NaN	NaN	NaN	NaN	NaN	NaN	NaN	NaN
5.2035	NaN	NaN	NaN	NaN	NaN	NaN	NaN	NaN	NaN	NaN	NaN	NaN	NaN	NaN	NaN	NaN	NaN	NaN	NaN	NaN	NaN	NaN	NaN	NaN	NaN	NaN	NaN	NaN	NaN	NaN	NaN
