x	Y_20181208_15692_31_14g	Y_20181208_15692_31_5g	Y_20181208_15692_32_2g	Y_20181208_15692_32_7g	Y_20181208_15692_33_9g	Y_20181208_15692_37_11g	Y_20181208_15692_38_11g	Y_20181208_15692_38_12g	Y_20181208_15692_39_1g	Y_20181208_15692_41_1g	Y_20181208_15692_42_1g	Y_20181208_15692_43_12g	Y_20181208_15692_43_17g	Y_20181208_15692_43_4g	Y_20181208_15692_44_3g	Y_20181208_15692_45_16g	Y_20181208_15692_46_17g	Y_20181208_15692_46_5g	Y_20181208_15692_46_8g	Y_20181208_15692_47_10g	Y_20181208_15692_47_11g	Y_20181208_15692_47_8g	Y_20181208_15692_6_6g	Y_20181208_15692_7_7g	Y_20181208_15692_8_11g	Y_20181208_15692_8_7g	Y_20181208_15692b_1_1g	Y_20181208_15692b_10_2g	Y_20181208_15692b_10_5g	Y_20181208_15692b_11_15g	Y_20181208_15692b_11_17g	Y_20181208_15692b_11_5g	Y_20181208_15692b_12_18g	Y_20181208_15692b_12_8g	Y_20181208_15692b_13_2g	Y_20181208_15692b_15_1g	Y_20181208_15692b_15_2g	Y_20181208_15692b_2_1g	Y_20181208_15692b_2_2g	Y_20181208_15692b_7_2g
0	10721.1416	12317.8721	14579.5029	10943.3857	12893.3691	11445.0166	10527.3867	11685.1201	10321.7334	9864.5312	9733.2705	10055.4492	13780.5967	12971.5557	14112.2168	11912.7627	13650.2949	12565.2998	11314.5918	10392.9883	15021.6436	11346.9287	12822.5996	11623.6064	11517.585	12397.8604	10258.4209	11170.6523	10392.123	15117.458	10431.8057	10091.2812	9704.7861	11222.9541	8813.2598	11359.6426	12356.0674	11606.082	9899.4072	10148.333
0.1334	11381.584	11949.3438	16690.8398	11682.1143	12716.3408	11930.2402	11029.5527	11512.9824	12104.6865	11648.6963	9914.9023	10472.0391	14003.6318	13092.4756	16065.5674	12760.4424	15282.7109	12736.4014	12042.498	11083.0381	17593.6777	12158.5176	14247.5049	12382.624	11077.9062	14195.208	10888.4854	11867.1748	11158.2861	15408.0742	11595.8281	10468.376	10383.4551	11332.2891	9307.1895	11811.0205	13514.4219	12819.6182	10136.7578	11873.6797
0.2668	12205.707	13044.1318	17027	13636.4648	13768.7373	11779.3574	12246.8457	13510.7344	13286.6914	13531.8809	10014.4609	10733.8359	16828.8848	15655.5527	17026.1758	12926.0928	20522.918	14059.665	13082.1162	13293.7646	20495.7988	14675.2129	16939.7305	14135.6338	11711.1494	18419.3809	13660.2217	13704.7275	12544.1787	17681.6562	13828.4902	11063.7939	12639.9277	11811.4385	10365.8105	13571.5811	16364.3877	14513.8809	11033.2002	15981.6387
0.4003	14944.8467	14074.1533	15998.9453	16511.0293	16155.7686	12726.8955	13149.6211	15681.7939	16586.7402	14841.2344	11538.918	11049.6592	19659.9863	18636.2578	17489.459	13512.8164	21284.1836	14020.4932	16633.5879	16765.2109	19893.7012	19045.5176	19836.8301	15928.1436	13183.4199	20959.123	16539.8047	15435.3369	15126.0479	21132.3887	13904.2676	14318.21	13396.2793	14901.4775	12048.4717	15079.8457	16569.4355	16000.4102	11825.9834	18848.7695
0.5337	17743.2578	16245.5479	14285.7197	18808.7031	17354.9102	14426.4854	14704.377	17810.7246	21306.9473	14863.3369	14763.0811	12880.208	19962.9004	19919.4316	15246.0547	16284.9727	17928.0059	15740.4473	19108.0039	18022.1562	19173.1094	18774.6113	20461.9102	17522.9785	14816.4023	20239.0781	18193.6582	17111.1094	15684.2451	22352.3027	12402.1846	18216.6191	15478.0059	19835.5312	13569.1387	15747.377	14017.2354	15309.3184	12871.876	18142.1582
0.6671	19196.2598	17355.5859	12588.249	17067.5742	17685.9883	16139.5342	16201.6396	18057.4238	25981	13326.6846	17341.8691	14102.7148	19010.875	17762.2812	15324.0674	15742.3877	16031.377	19502.1582	19270.6133	15370.1387	18649.9707	16428.1191	16910.0488	17324.3496	16457.9395	18327.3027	17377.0586	16595.8535	14699.2852	22631.6523	11865.0088	21462.3418	17498.7305	19802.1094	14739.8477	14034.2305	12465.4355	12660.7217	13913.7314	15653.3721
0.8005	18797.4727	15186.2295	12185.8906	15642.043	16912.1602	15412.3623	14630.252	15105.2705	25957.5488	13885.9424	16959.9609	16847.0078	17381.6953	16122.7773	14206.3887	14797.8721	14477.1768	19520.3027	16612.4473	15332.4287	18566.5176	15076.9619	15056.8584	16433.3027	14874.7227	15401.4629	13545.0303	15175.3955	13207.2324	20850.2539	11994.9482	19335.1211	16920.7695	18194.9453	13775.3662	13226.6631	12379.7979	11316.4316	14100.3369	16097.3311
0.934	17240.334	12993.4482	11649.1182	16190.5635	16671.5977	15091.4551	14363.6787	14397.4678	22025.1992	13832.9297	14699.8506	16482.9102	16451.877	14548.5049	13110.9961	13813.4453	14206.1914	16850.1895	15976.8037	15082.1934	16873.5156	13858.6602	13940.4893	14545.2803	14258.1338	13959.9297	12714.4922	13320.5322	13331.7041	18983.457	12490.5605	18533.043	15469.4814	17222.3926	12824.8516	12090.3506	13793.9072	10713.6338	13596.54	15396.8037
1.0674	16486.6348	11706.3105	11365.041	16825.3867	14008.5654	15193.2002	13377.5068	13292.6348	20258.2461	13034.7578	14305.1025	16321.5586	15673.4199	13032.9639	13771.3887	12299.2295	14304.9033	14832.1064	15037.3242	14417.3486	18160.4453	13049.2891	13268.9873	14476.8955	14302.4639	12671.1084	11859.248	13164.998	14006.4365	17296.1562	13112.0928	16946.5488	13939.9443	16460.8848	12295.7588	11538.5771	14281.3115	10382.0107	12640.7207	14995.3955
1.2008	14554.0615	12399.6738	11727.4834	15373.1836	12642.9775	14969.3066	13827.9736	13745.8418	17658.6309	13631.5859	14388.4404	16400.6211	14683.7559	12790.6738	14247.3086	12938.4053	14495.833	14469.8271	14980.3154	14319.6455	17310.7598	14829.7998	13034.832	15186.9844	13514.2158	11291.5312	12453.584	12717.4053	13417.5059	18013.9258	12710.668	15912.0049	12474.4512	17183.1348	11675.376	10992.9326	13357.1221	10181.0732	12261.1094	14482.0342
1.3342	14600.7812	12998.0771	12573.5869	14206.4502	13038.0713	14003.1406	13250.376	12706.4746	16596.1367	13226.0752	14903.2744	14878.168	14002.2744	12284.3301	13082.7539	11716	14017.0703	13630.0928	14626.6631	15432.166	17693.625	14810.8145	12696.7734	15694.4258	11957.9619	11359.3682	13708.5146	12274.6426	13095.9238	16233.6494	12570.7803	14890.4287	11795.1377	15909.6689	11803.0566	10898.542	12312.9404	10619.5234	12281.0234	14907.6113
1.4676	15113.251	13649.6084	12460.2402	13233.2168	11794.8652	14122.1172	13041.708	13405.0439	15790.9814	12551.3174	14000.1904	14495.1455	13051.5293	13559.124	13234.9375	11490.6836	13164.3789	12898.0117	14836.2539	14627.0322	17082.8027	15600.7627	12213.3467	15751.2783	11908.6055	11402.7197	14487.1172	12276.7217	12613.9863	14985.0361	13384.4805	13548.8447	11834.3076	13532.9541	11238.4062	11127.5723	11880.8945	10774.502	12016.8262	14824.1055
1.6011	14235.4834	13925.1758	12796.124	13103.5586	11912.3916	13394.4092	12895.1348	14309.6348	16064.9492	11981.8047	14089.4277	13487.8516	13958.8574	13926.2002	12442.7041	10829.2383	12773.5293	12136.4346	14152.2422	14654.9121	16495.3398	15888.3027	12660.959	14957.0439	11724.3887	11506.4678	14287.0166	13091.2188	13111.3848	14015.8086	14120.3545	13280.2393	11612.8369	13273.0029	10454.5518	11380.6895	11784	11029.3594	11221.5195	14427.1084
1.7345	13867.7598	13707.9199	13317.835	13414.0908	11895.6055	12852.1445	13091.6699	13990.4434	15925.3564	11788.332	14917.5156	12983.4531	14719.5674	13588.1836	12869.502	10658.2568	12092.0488	11635.8389	13935.9795	15032.6904	14618.1211	14018.6953	12757.833	14758.6426	12115.2002	11658.125	14413.1074	13477.8623	13221.71	13483.2773	13562.3711	12689.7158	11652.9365	13438.501	10384.0703	11428.8057	11334.9766	11307.5693	11522.0156	14680.0713
1.8679	12347.5859	13338.0684	14120.4844	15413.8506	11946.2627	12782.3076	12901.9756	13711.9375	15267.3271	12573.707	15918.6445	14016.6797	15140.2119	13432.7285	12340.417	10825.1475	12621.3252	12056.9736	14176.4463	14425.2266	13377.9053	12770.5918	11810.6377	16155.1221	12678.3105	12090.2148	14498.4355	13742.084	13834.7451	14430.3545	13062.5693	12362.5713	12467.917	13460.7012	10488.6826	11939.1777	11719.9062	11390.6064	11466.96	14891.2959
2.0013	12712.125	14049.1064	14104.5322	16659.1777	13085.9512	14077.8623	12027.6738	13574.4902	14209.8662	12347.1523	14471.041	14361.1328	15471.7422	13488.9346	12443.3193	10691.9355	12260.7148	12160.3984	14584.208	13962.0049	13008.0625	12660.833	12704.1953	17856.7969	13058.332	12131.6084	13529.8623	14771.7217	13282.542	15090.668	13703.3623	11787.2529	12337.6025	12567.6006	10408.2705	11651.8701	12568.5332	12319.2803	12611.2207	18578.4531
2.1347	13403.6953	13873.3213	13058.5107	15494.4209	12838.335	13321.2568	11544.6963	13294.1768	13477.0566	12880.0654	13412.8223	14053.3516	15008.8574	13095.1602	12580.9639	11174.3438	12593.2451	12786.9668	13698.1191	13903.124	12709.9443	12847.6387	13928.5635	17309.5859	13656.1465	12047.2959	13534.1924	15514.8096	12804.8887	14869.6172	13824.1104	12301.4736	11854.7324	12329.9951	9887.9131	11537.1797	12294.6699	11935.7529	12578.2666	20068.1523
2.2682	13251.9326	14269.8477	12982.916	14701.4404	12372.7285	13933.1357	11438.7705	13685.541	13125.4414	12972.7881	13182.0342	13275.7939	14311.1094	13068.4248	13519.3789	11265.6934	12636.126	13551.2324	13087.4238	12461.7568	12390.9834	12166.0762	13539.4932	16962.5566	12818.9316	12046.0986	13540.9404	16752.4277	12909.1611	15094.5371	12813.2314	12590.6514	11912.9971	12020.7686	11238.5693	11541.0791	11795.335	12265.0928	13556.0918	20657.9609
2.4016	13345.0635	14376.7266	13085.1523	14141.0254	12106.4902	14264.1875	11359.6816	14041.9834	13416.9736	13300.2637	11523.7734	13575.8984	13915.7637	13254.8145	14368.457	11979.0947	13167.3174	12722.5664	13139.2119	11452.1309	12846.168	11368.29	14103.4971	17630.9766	12480.8369	11932.8047	13233.7021	16489.1953	13413.1875	14702.9619	12833.126	13555.2373	12736.1523	11818.8584	11561.9219	12096.9346	12008.416	12493.9209	13723.2979	19241.4141
2.535	13204.293	14182.5039	13463.7979	13811.0859	11873.168	13758.4072	11570.0879	13526.9219	13168.1191	12852.8096	11296.4707	13672.9316	13899.6406	13623.9756	13206.7041	11693.5039	12659.8438	13953.3359	12005.6396	11671.5146	14105.9375	11374.6953	13607.1484	16994.9941	12954.4668	12032.1162	13895.8477	14910.1465	13228.2744	14687.0762	11773.0508	13502.9092	12386.0869	11113.126	11777.2871	11269.6836	12378.6865	12066.9785	14683.7939	17695.0488
2.6684	13432.6377	13468.9688	13687.5732	13579.2686	11335.75	13802.04	11934.8047	13222.6787	13698.6748	13490.7041	10558.375	12363.5312	13886.0479	13783.5713	12524.2451	12601.8047	12299.8682	13586.416	11836.6279	11385.1475	14592.9893	10948.6709	13640.917	16176.8408	13179.707	11399.373	14063.1465	14081.6475	13321.6924	12929.3145	11785.2588	12909.333	13021.8584	10482.5684	11847.5068	11285.1094	12170.3584	11526.5479	14331.6279	16754.7637
2.8019	13213.3945	12424.0137	13273.9902	13270.7275	11296.0459	13782.6455	12506.8848	12690.5127	13804.9473	13797.3301	11015.8369	12216.8027	13614.2168	13132.083	12046.4531	12529.7197	12841.0293	14121.6318	12358.0693	11263.5273	14370.0557	10961.5918	12385.373	15122.0693	12865.3135	11418.3799	15491.5752	13747.6094	13084.2607	12746.6396	11402.9795	11991.4141	13450.3604	10417.623	12040.6484	11731.584	12060.4873	11858.335	13257.0088	15644.6318
2.9353	12827.3047	11644.4941	12154.5342	13022.2988	10843.8389	13380.6396	13160.8086	12297.7441	14274.1211	14027.4941	11406.8418	12140.5146	13301.4688	12219.8652	10909.543	12298.9385	13397.4629	13004.6768	12722.6523	11691.1836	11908.9775	11396.6455	12817.8379	14146.5986	11861.1055	11961.8467	15404.4912	12953.9111	13541.2979	13175.1797	11032.0898	11676.7217	14984.5547	9851.9697	11926.7617	11281.1777	12140.9277	11341.7217	13199.5596	NaN
3.0687	12486.7578	11348.0625	11763.3555	12432.2812	10674.1201	13469.4932	13192.0713	12173.0254	13038.6719	14667.6807	12006.3359	12050.3955	12944.627	11941.4297	11170.4561	12171.624	12751.6055	12209.7949	12510.0225	12158.7168	12325.2207	10738.9912	12912.8262	13243.624	11818.8818	11987.9209	15557.3877	13282.0234	13060.3467	13872.1787	10678.2139	11844.2705	14960.2871	9730.5635	10677.2744	NaN	11722.8848	11444.6064	12409.25	NaN
3.2021	11842.5547	11697.2236	12101.957	12616.0615	10774.0674	13117.8096	12321.8467	12223.4492	12733.9854	14649.6924	12044.0244	11653.4873	13234.5322	12365.2178	11763.0947	11676.9746	12038.0986	12703.1885	12150.6533	11579.9453	12427.0586	11490.8652	13129.4023	13164.3877	11171.7969	12680.9639	15113.7871	12715.3125	12597.2207	13279.249	10607.8906	12087.2373	13931.4902	10303.2979	11111.9365	NaN	11889.833	11624.0137	12678.9561	NaN
3.3355	12046.708	11390.8838	12224.499	NaN	10894.373	12863.6719	11409.2598	11878.6689	12616.5098	13542.9268	12146.4316	11746.0332	13354.3857	11636.3457	11264.4688	11608.3037	12301.7373	12010.3408	12633.0176	11445.6123	NaN	NaN	NaN	13113.1338	11119.6494	NaN	14364.623	13093.7441	NaN	12867.6748	10791.126	13108.5625	15455.0674	10355.4873	11434.4355	NaN	12168.0557	10981.5283	12418.8291	NaN
3.469	12010.3555	10748.5576	12719.5742	NaN	10189.8301	12776.5967	11007.7686	11798.3379	12999.8613	12894.3701	NaN	12300.9141	NaN	11680.8018	11972.3857	11942.5859	12822.8291	11847.5889	12763.1182	11498.3613	NaN	NaN	NaN	13278.9727	11280.666	NaN	14405.5596	NaN	NaN	12899.0195	11794.0967	12709.7314	15504.6455	10646.042	10651.3086	NaN	12415.2285	11928.0977	11991.2754	NaN
3.6024	12160.8994	11135.5557	12770.0449	NaN	10374.9326	12729.3486	10739.7246	11282.4512	12738.9268	12891.2646	NaN	13418.0771	NaN	NaN	12762.8428	NaN	12680.7363	NaN	12005.0732	12018.2822	NaN	NaN	NaN	13223.1094	10973.4609	NaN	13709.1592	NaN	NaN	12920.3633	NaN	NaN	15019.248	NaN	10688.7266	NaN	NaN	12044.8945	12417.2012	NaN
3.7358	11583.1846	NaN	NaN	NaN	10555.8506	14307.1914	11049.4277	11911.3564	12313.9531	12065.7061	NaN	13011.9395	NaN	NaN	12234.6299	NaN	NaN	NaN	NaN	11247.0908	NaN	NaN	NaN	13294.0361	NaN	NaN	12402.1338	NaN	NaN	NaN	NaN	NaN	NaN	NaN	10741.8086	NaN	NaN	NaN	12690.125	NaN
3.8692	NaN	NaN	NaN	NaN	10686.3818	NaN	10606.4229	11461.9443	NaN	12533.71	NaN	12346.5977	NaN	NaN	12109.3223	NaN	NaN	NaN	NaN	11723.168	NaN	NaN	NaN	NaN	NaN	NaN	NaN	NaN	NaN	NaN	NaN	NaN	NaN	NaN	10299.2275	NaN	NaN	NaN	NaN	NaN
4.0027	NaN	NaN	NaN	NaN	NaN	NaN	NaN	NaN	NaN	NaN	NaN	NaN	NaN	NaN	12119.4443	NaN	NaN	NaN	NaN	NaN	NaN	NaN	NaN	NaN	NaN	NaN	NaN	NaN	NaN	NaN	NaN	NaN	NaN	NaN	10068.8848	NaN	NaN	NaN	NaN	NaN
4.1361	NaN	NaN	NaN	NaN	NaN	NaN	NaN	NaN	NaN	NaN	NaN	NaN	NaN	NaN	NaN	NaN	NaN	NaN	NaN	NaN	NaN	NaN	NaN	NaN	NaN	NaN	NaN	NaN	NaN	NaN	NaN	NaN	NaN	NaN	10298.6172	NaN	NaN	NaN	NaN	NaN
4.2695	NaN	NaN	NaN	NaN	NaN	NaN	NaN	NaN	NaN	NaN	NaN	NaN	NaN	NaN	NaN	NaN	NaN	NaN	NaN	NaN	NaN	NaN	NaN	NaN	NaN	NaN	NaN	NaN	NaN	NaN	NaN	NaN	NaN	NaN	NaN	NaN	NaN	NaN	NaN	NaN
4.4029	NaN	NaN	NaN	NaN	NaN	NaN	NaN	NaN	NaN	NaN	NaN	NaN	NaN	NaN	NaN	NaN	NaN	NaN	NaN	NaN	NaN	NaN	NaN	NaN	NaN	NaN	NaN	NaN	NaN	NaN	NaN	NaN	NaN	NaN	NaN	NaN	NaN	NaN	NaN	NaN
4.5363	NaN	NaN	NaN	NaN	NaN	NaN	NaN	NaN	NaN	NaN	NaN	NaN	NaN	NaN	NaN	NaN	NaN	NaN	NaN	NaN	NaN	NaN	NaN	NaN	NaN	NaN	NaN	NaN	NaN	NaN	NaN	NaN	NaN	NaN	NaN	NaN	NaN	NaN	NaN	NaN
4.6698	NaN	NaN	NaN	NaN	NaN	NaN	NaN	NaN	NaN	NaN	NaN	NaN	NaN	NaN	NaN	NaN	NaN	NaN	NaN	NaN	NaN	NaN	NaN	NaN	NaN	NaN	NaN	NaN	NaN	NaN	NaN	NaN	NaN	NaN	NaN	NaN	NaN	NaN	NaN	NaN
