x	Y_20181208_15692_31_8g	Y_20181208_15692_32_14g	Y_20181208_15692_34_6g	Y_20181208_15692_37_1g	Y_20181208_15692_37_6g	Y_20181208_15692_38_19g	Y_20181208_15692_40_15g	Y_20181208_15692_44_14g	Y_20181208_15692_44_17g	Y_20181208_15692_45_11g	Y_20181208_15692_46_15g	Y_20181208_15692b_11_13g	Y_20181208_15692b_12_2g	Y_20181208_15692b_13_4g	Y_20181208_15692b_14_1g	Y_20181208_15692b_14_5g	Y_20181208_15692b_16_5g	Y_20181208_15692b_17_2g	Y_20181208_15692b_3_1g	Y_20181208_15692b_7_7g
0	28477.9707	31563.8047	27604.6328	29099.8789	27242.6543	28320.7168	29750.0801	28332.7344	30191.4766	30299.4746	28319.7461	31207.2266	26627.1738	27420.293	32230.7637	29049.5625	28983.793	28781.5508	29276.9062	28173.252
0.1334	29013.5254	31159.0098	29699.207	28737.9121	28123.9219	28288.9746	29719.9609	28609.2656	28880.4062	30092.7637	28892.2559	31200.7988	26131.9746	28588.2695	31183.0996	28647.4453	28380.6387	29548.4277	27909.0488	27897.0215
0.2668	29346.4941	29836.7324	28069.1602	29953.6016	29692.877	28693.0957	29909.5586	28762.7441	30412.8535	30668.7754	30440.2031	30510.6309	26897.7461	27913.8047	32008.043	29743.7285	29515.8809	28639.1836	27814.6328	28089.4707
0.4003	28740.752	32452.4219	28252.1152	29238.6699	29357.4199	28688.4375	29560.4297	30614.9355	30737.918	30077.3438	30460.1309	31497.4336	26923.957	28487.1445	31260.0156	29877.4551	29801.0195	29327.1602	28569.2676	28009.4648
0.5337	29223.3887	31626.1973	29295.1465	29530.5605	29150.541	28652.6348	30067.1309	31827.2012	31532.2969	29971.748	29491.4961	30869.9121	27283.1055	27817.2402	32437.6719	29467.3887	29351.2578	28800.1562	27481.3066	29246.1426
0.6671	32391.4629	31427.373	29436.3457	29497.5	30618.3555	29699.7129	31384.4297	30480.7383	31608.0371	32509.7324	29709.8047	29673	27831.6016	28380.7715	32192.625	28383.5059	30198.0859	30006.4707	27946.3789	27620.6055
0.8005	30300.5586	31047.9395	29386.7051	29183.4004	28970.1973	30188.6504	30173.0781	30989.5098	29932.1523	31989.9805	29588.918	30085.4004	26222.1055	28139.0508	31501.3477	29748.6543	31316.1992	29064.998	28862.6641	27695.4492
0.934	29318.1816	31305.7344	29142.4023	29223.502	29435.3965	30151.7656	32871.543	31611.2051	31742.0332	31952.002	29854.7129	30752.4609	26312.8301	28409.4355	30972.9199	29909.3828	31924.9355	30819.8262	27888.6328	27530.4883
1.0674	29861.5918	32189.1172	29567.793	28655.8887	28860.9941	29781.7148	31651.8535	30313.041	31722.1562	31786.6387	31367.5996	31136.7676	26151.9805	28341.6367	32793.7852	29531.5898	31365.4473	31420.873	28141.2891	28303.7305
1.2008	31525.2422	32967.75	29375.7637	28887.6484	28798.3574	28035.5059	32544.7207	30199.9551	31209.0332	32116.1367	31666.4277	31720.1035	27774.1328	29408.043	32504.8086	30755.5547	32544.0918	31215.1797	29388.4004	27467.4258
1.3342	29038.875	33364.2969	29305.6992	27717.8926	30555.8652	28669.4355	32288.6523	30313.9004	32366.0391	32605.4258	31808.6094	31307.6426	27935.6523	29003.3359	32672.1113	31761.2383	32998.8125	30626.1465	29720.75	29410.0234
1.4676	29574.5684	34339.4648	30481.2422	28205.3496	31069.041	30743.457	32551.25	30655.9902	30504.5723	32368.1133	31463.6953	30650.4766	27175.9609	29729.8711	32569.3008	31079.9902	31603.5684	30681.1543	29249.0605	30667.4023
1.6011	31925.4727	33436.3828	29532.6191	30105.7344	29720.5957	31368.8066	32536.916	30451.7207	31771.7812	32074.8262	32116.5703	31550.6699	26727.3223	30610.7656	33285.7227	32682.6621	33209.3281	30976.3398	29750.2422	30503.998
1.7345	31681.7754	35640.8008	29449.4062	30540.8965	30867.2227	30539.2285	33323.625	31376.9531	31343.6348	33650.4609	31489.1152	30959.9863	26385.0625	30743.8242	32651.2266	32634.2539	34591.8203	31062.6914	28458.002	31632.1191
1.8679	33304.7891	33359.668	29774.4277	32848.6328	29334.9844	30048.0645	34522.2695	32229.1133	32845.5	34936.2812	30815.8828	30719.4805	27887.3301	31006.3203	31194.6602	32781.2969	35621.4844	32097.7754	29733.3848	33831.3438
2.0013	32202.9043	35028.6992	29894.707	34327.6367	30847.418	29654.6465	35677.0312	31539.6797	33335.5391	33181.7344	30337.5078	31407.8223	28158.2617	30770.002	29973.5879	32833.3047	35259.3828	31965.7598	30219.8809	39043.2461
2.1347	31946.1738	35615.5312	29437.6973	35435.9453	33459.7422	29843.0391	34239.2695	30466.6699	32751.0742	33843.1367	30808.6348	32363.8008	28117.4219	30603.4629	31035.5801	31624.9688	35925.5547	31221.6621	29639.5781	41692.4609
2.2682	31824.8125	33616.7031	31108.3359	36640.1992	36894.8164	30950.7598	35592.7266	31527.6641	33961.8945	34596.582	31346.4941	33324.5195	27295.5371	31376.7852	31868.4688	31347.877	36141.5625	30670.3105	29996.6426	39639.7188
2.4016	31234.3945	35284.2109	30368.6602	38978.5039	49731.3945	30262.1973	39799.6445	34108.1445	42204.9844	35688.4102	31865.5723	33728.2891	26338.041	33536.668	31376.7129	31952.2266	35694.2578	31132.8906	32145.6602	39195.0312
2.535	31204.6562	33336.3281	30741.834	49135.8438	70562.3984	31062.3145	50242.7617	39554.3008	54151.4141	34344.5547	32964.5039	36705.375	27858.3203	35680.9883	31901.1816	31788.1953	35446.7383	32805.0547	36284.125	46548.0039
2.6684	31359.0508	34361.9805	29209.5879	53146.2305	79526.5703	30966.1074	71498.3203	53424.9453	76643.8906	37403.4727	34795.582	45240.9727	30750.5605	40926.6172	32842.957	31842.2441	38078.4102	31953.3223	45249.2812	62522.7969
2.8019	37377.3086	40113.6641	31665.6367	47287.3828	58512.3789	32480.1973	85474.2109	71104.6016	79653.0625	42722.7344	41305.7617	66673.3828	36011.6094	57560.6641	34071.2617	32690.4453	38509.9258	30691.1934	57616.8633	77709.5625
2.9353	46158.3672	47383.1953	32147.2344	37725.9922	41331.1641	36479.0234	71590.2812	68902.8906	56804.1484	53231.4219	55771.0312	90909.3828	46381.4961	70446.4609	37261.1328	34417.5	44359.4961	34851.5469	61276.8281	63133.4297
3.0687	56228.5352	67223.8125	36551.375	31502.3828	33659.2109	46285.793	50852.2227	49756.2891	42890.9453	65123.6016	67066.8281	93290.2969	48892.0312	60678.9219	46764.7461	41188.6016	56634.0898	39651.9688	49212.5859	44524.207
3.2021	53483.5742	66192.8438	46020.6914	28142.123	NaN	61697.7773	43838.0508	37741.6211	34945.8633	59948.7969	58951.2148	65707.6406	39994.9609	45054.8008	58685.5273	55939.1758	60455.6484	51614.4609	37834.8516	34908.8984
3.3355	42486.6914	53674.332	54914.2461	NaN	NaN	76067.1328	NaN	33126.7734	NaN	48078.0391	46011.3398	45514.1758	32863.0391	34659.7617	63045.1055	66034.7891	50890.2695	72310.0469	32750.4902	32866.8125
3.469	39151.5117	41448.7188	54190.3828	NaN	NaN	59762.1172	NaN	31929.3184	NaN	40701.1328	NaN	36993.2617	NaN	29768.0938	52357.5039	56123.2578	41360.0156	79465.4688	31355.2949	30887.6504
3.6024	41263.1992	37344.293	42635.125	NaN	NaN	43937.1641	NaN	29091.582	NaN	36334.2852	NaN	33970.7148	NaN	31883.9277	41127.5352	42953.5977	36315.7422	59648.7734	29882.5332	31062.9414
3.7358	46137.4375	36433.3438	35773.7812	NaN	NaN	39915.8906	NaN	NaN	NaN	NaN	NaN	34111.4102	NaN	NaN	35543.5273	36356.5273	34381.6602	43259.0078	NaN	NaN
3.8692	NaN	35285.4727	33654.4766	NaN	NaN	NaN	NaN	NaN	NaN	NaN	NaN	35936.8633	NaN	NaN	31699.3867	NaN	33695.5586	35606.6953	NaN	NaN
4.0027	NaN	NaN	35643.6328	NaN	NaN	NaN	NaN	NaN	NaN	NaN	NaN	NaN	NaN	NaN	31844.0547	NaN	NaN	31646.4512	NaN	NaN
4.1361	NaN	NaN	NaN	NaN	NaN	NaN	NaN	NaN	NaN	NaN	NaN	NaN	NaN	NaN	NaN	NaN	NaN	30099.8945	NaN	NaN
4.2695	NaN	NaN	NaN	NaN	NaN	NaN	NaN	NaN	NaN	NaN	NaN	NaN	NaN	NaN	NaN	NaN	NaN	NaN	NaN	NaN
4.4029	NaN	NaN	NaN	NaN	NaN	NaN	NaN	NaN	NaN	NaN	NaN	NaN	NaN	NaN	NaN	NaN	NaN	NaN	NaN	NaN
4.5363	NaN	NaN	NaN	NaN	NaN	NaN	NaN	NaN	NaN	NaN	NaN	NaN	NaN	NaN	NaN	NaN	NaN	NaN	NaN	NaN
4.6698	NaN	NaN	NaN	NaN	NaN	NaN	NaN	NaN	NaN	NaN	NaN	NaN	NaN	NaN	NaN	NaN	NaN	NaN	NaN	NaN
