x	Y_20181208_15692_31_8g	Y_20181208_15692_32_14g	Y_20181208_15692_34_6g	Y_20181208_15692_37_1g	Y_20181208_15692_37_6g	Y_20181208_15692_38_19g	Y_20181208_15692_40_15g	Y_20181208_15692_44_14g	Y_20181208_15692_44_17g	Y_20181208_15692_45_11g	Y_20181208_15692_46_15g	Y_20181208_15692b_11_13g	Y_20181208_15692b_12_2g	Y_20181208_15692b_13_4g	Y_20181208_15692b_14_1g	Y_20181208_15692b_14_5g	Y_20181208_15692b_16_5g	Y_20181208_15692b_17_2g	Y_20181208_15692b_3_1g	Y_20181208_15692b_7_7g
0	10288.0264	9433.4307	9277.1631	11915.4053	11376.9902	10221.5244	10285.1006	10493.3994	11577.3408	9948.9141	9444.8154	11045.6045	11065.1807	9444.4229	11306.0645	10416.7344	10569.7451	9523.9873	11490.6064	12095.6807
0.1334	10769.3047	10745.2002	9225.5996	11709.6533	12711.2656	10617.9023	12354.2412	12109.126	12731.3096	10186.0898	9947.4912	12373.7627	12200.5693	10260.4619	11893.917	11786.9189	10705.6914	10111.9395	13058.8613	13076.1436
0.2668	11358.8291	12538.6719	9675.502	12294.2764	15434.1582	11244.2695	14932.459	14897.0771	16319.3691	10780.4678	10312.042	16324.71	15095.3145	11912.791	11960.915	15275.3486	12662.3066	10460.9678	15972.0723	16056.2822
0.4003	12160.7236	14799.9492	10771.4424	12147.3887	15213.209	12474.8076	14429.9043	17703.0547	18274.3906	12225.0645	11151.8672	18155.1895	16794.5176	13904.8008	12742.2646	17837.2832	14464.0781	11135.4258	17162.1191	17917.0137
0.5337	15463.9258	19943.1504	11797.6416	13711.9102	14462.25	14833.9648	14073.249	16717.4199	17646.957	14246.6797	12086.5977	17832.3262	15509.3125	15954.1797	13505.6172	20644.1934	16055.9902	13961.3057	16428.1309	17035.207
0.6671	16597.5645	25657.377	13390.3105	14298.4551	12744.8008	17055.8633	14627.1221	14886.3525	16865.7266	15613.835	13682.502	16164.291	15230.792	15769.1758	15365.8379	20725.7773	16154.3516	16022.1582	15566.9463	14875.9912
0.8005	15694.8301	22485.9824	13934.3174	13994.7109	12838.0029	15606.5342	14806.0225	14540.4971	16600.791	15058.5732	13469.2588	15753.9121	16218.4473	15343.251	15838.9814	18605.8008	15582.2314	18616.293	14693.5615	12447.042
0.934	15460.124	18257.5684	14160.6738	14089.7607	12335.5693	15800.75	16010.6475	14906.1699	16316.4893	15429.665	13087.6641	14488.3799	16657.3086	14772.9473	14762.1689	17808.3145	16323.7051	18152.8105	14980.8906	11469.6729
1.0674	14122.9365	15574.5771	13080.4434	13438.8271	13253.4385	14724.373	15022.9336	14043.8711	17595.5332	14589.9463	12323.3066	15146.8877	17191.3691	14711.3662	14176.6162	17664.2891	16680.3555	17218.8809	15765.918	11532.8057
1.2008	15343.2959	14915.6387	12337.4629	13900.8525	13339.417	13769.6172	14833.7539	13752.7178	16366.7529	14161.417	12459.9062	14108.7715	17505.1777	14187.4443	14587.5146	17015.9258	16372.373	16166.5576	16778.4258	11698.0732
1.3342	14986.5752	15006.6123	11871.5195	14128.3252	13721.4268	14188.9287	14687.5635	14188.8545	16734.1094	13636.376	13138.7734	13765.2529	17458.8496	15403.9805	15352.3887	16474.0078	15910.5771	15582.1514	15438.4805	11517.6855
1.4676	15275.5371	15319.8516	12004.0146	13666.792	14767.1074	13775.3691	14192.8984	15211.8643	17504.4531	13517.4512	13377.8379	13500.5645	17581.8184	14735.3115	15972.1631	15552.9414	15043.2207	15402.3252	14673.4971	11366.6143
1.6011	14626.3691	15571.9482	13764.5332	14501.543	15464.4736	14632.8252	13310.7422	15335.0332	16093.7129	12735.5557	13722.1133	13952.8467	17121.4805	13915.9697	16145.4004	14456.4121	13798.7109	16090.5693	14362.5352	11783.5352
1.7345	15170.7207	16082.7402	13289.2324	13888.126	14244.9014	15242.6973	13455.9336	14975.5928	16546.7227	12732.5752	13870.0059	13020.3418	16853.0156	14511.9092	15384.125	14341.8662	13679.2158	16017.8291	14186.6162	12846.4316
1.8679	14863.2812	17219.5254	13300.4932	13616.3945	13483.0986	15421.0869	13473.6885	15072.5254	15011.1992	13263.8213	14829.3037	13495.375	15256.4434	13617.3477	15232.3721	14327.9502	13355.4082	16412.834	14049.8057	13820.5537
2.0013	15641.542	16720.5781	12266.8818	12791.9248	14046.8408	14176.4385	12277.1885	14536.4346	15230.583	13873.6309	14206.3145	13148.7549	14610.501	13195.7373	15292.7529	15181.5195	13639.5127	15641.7041	14965.5059	13875.0312
2.1347	14546.3018	15776.7383	12565.8936	13029.0371	14071.3545	13160.7412	12677.4004	14402.5186	14081.4316	12457.1641	14547.9746	13401.7354	14471.1396	13575.1367	14710.8594	15518.1885	13552.8398	15031.9766	15014.4268	14949.5889
2.2682	13785.1992	15429.2539	12993.2871	12961.6709	12677.3438	13210.1016	13462.5254	14612.5947	14033.6387	12517.2441	15301.6865	12725.1826	13968.6533	13194.9502	13826.7686	15226.8242	12572.4023	15835.6133	14572.6221	13847.4883
2.4016	13603.0361	14019.1074	13172.9141	12597.4102	13775.8184	12251.4746	13386.9336	14718.5859	13831.0957	12636.168	15249.3975	13923.7051	14457.3643	14104.2959	13549.165	15884.2373	12791.6348	15169.1289	15273.7021	13349.8486
2.535	13774.8828	14515.082	13055.6875	12380.1318	13212.3906	12367.999	13388.9775	14976.0635	15111.8037	12666.1621	14644.1074	14496.6631	14314.3643	14446.5918	13416.2168	16190.7451	12043.1084	13835.3359	15191.1963	13665.0645
2.6684	13321.709	15500.7393	12854.0078	12498.2686	13172.8164	12287.0049	12542.5986	14783.4326	14042.8096	13087.5938	14179.0312	15109.0176	13728.292	13244.7295	13722.1191	15092.4707	11605.0039	14464.8799	14648.123	13682.7168
2.8019	11865.0625	15094.9355	13940.9189	13064.1182	11971.4688	12897.7822	11652.7178	13978.6631	13778.0859	12678.7295	13331.5156	14266.2539	13653.4053	13051.5752	13436.1367	14081.7754	11907.4766	15363.2715	14937.6689	12959.3154
2.9353	12368.2139	15572.0195	14400.3457	12921.3506	12571.4844	12003.2695	12547.2188	12965.4404	13672.8184	12245.376	12591.7822	13816.9424	12608.9375	12554.0557	13036.3721	13834.332	11852.4834	15190.0254	15570.2266	13276.9854
3.0687	11613.6172	14972.8379	15817.457	11679.7832	11965.7256	12394.4502	12939.165	12543.668	15248.5127	11857.4219	11870.1514	13295.7861	12891.9941	11724.7119	13020.6211	13986.2891	11954.0879	15106.041	14779.3711	13026.4307
3.2021	10767.5156	14672.2266	15655.5234	10600.7969	NaN	12913.8262	12695.9014	11399.1982	14560.8027	12274.5498	11708.9775	12872.125	12491.8965	12313.7383	12230.6543	13944.5479	11750.7275	15256.2969	14061.6211	13520.249
3.3355	11649.3916	14973.498	15491.8691	NaN	NaN	12475.6738	NaN	11311.166	NaN	12103.6807	11750.1738	13345.8096	12551.1299	11882.7959	11736.5293	13962.041	11492.1807	15023.248	13735.9307	13113.7666
3.469	11659.4434	13654.4033	14386.3291	NaN	NaN	12250.4707	NaN	11081.8154	NaN	11889.6475	NaN	13524.7148	NaN	11594.6963	11123.8438	13527.6006	12428.0898	14278.0361	13201.1064	13742.5293
3.6024	11378.3154	14238.5342	14275.7246	NaN	NaN	12231.2539	NaN	10631.1846	NaN	12115.6572	NaN	14095.7344	NaN	11770.2812	11520.3389	12881.8574	12540.2979	13759.582	13419.2988	12997.1846
3.7358	11933.1279	13180.8799	12944.1582	NaN	NaN	12173.8926	NaN	NaN	NaN	NaN	NaN	12813.5654	NaN	NaN	11162.4102	11983.2441	12657.8857	12965.5146	NaN	NaN
3.8692	NaN	13705.25	12754.8945	NaN	NaN	NaN	NaN	NaN	NaN	NaN	NaN	12813.1396	NaN	NaN	11094.9531	NaN	12641.5205	12380.1084	NaN	NaN
4.0027	NaN	NaN	11829.5469	NaN	NaN	NaN	NaN	NaN	NaN	NaN	NaN	NaN	NaN	NaN	10756.7715	NaN	NaN	11136.2275	NaN	NaN
4.1361	NaN	NaN	NaN	NaN	NaN	NaN	NaN	NaN	NaN	NaN	NaN	NaN	NaN	NaN	NaN	NaN	NaN	10989.2295	NaN	NaN
4.2695	NaN	NaN	NaN	NaN	NaN	NaN	NaN	NaN	NaN	NaN	NaN	NaN	NaN	NaN	NaN	NaN	NaN	NaN	NaN	NaN
4.4029	NaN	NaN	NaN	NaN	NaN	NaN	NaN	NaN	NaN	NaN	NaN	NaN	NaN	NaN	NaN	NaN	NaN	NaN	NaN	NaN
4.5363	NaN	NaN	NaN	NaN	NaN	NaN	NaN	NaN	NaN	NaN	NaN	NaN	NaN	NaN	NaN	NaN	NaN	NaN	NaN	NaN
4.6698	NaN	NaN	NaN	NaN	NaN	NaN	NaN	NaN	NaN	NaN	NaN	NaN	NaN	NaN	NaN	NaN	NaN	NaN	NaN	NaN
