x	Y_20181208_15692_30_5g	Y_20181208_15692_31_16g	Y_20181208_15692_32_6g	Y_20181208_15692_33_11g	Y_20181208_15692_34_3g	Y_20181208_15692_34_6g	Y_20181208_15692_37_9g	Y_20181208_15692_38_1g	Y_20181208_15692_39_12g	Y_20181208_15692_42_12g	Y_20181208_15692_45_9g	Y_20181208_15692_46_10g	Y_20181208_15692_47_3g	Y_20181208_15692_8_5g	Y_20181208_15692b_11_10g	Y_20181208_15692b_11_22g	Y_20181208_15692b_12_6g	Y_20181208_15692b_17_1g	Y_20181208_15692b_2_3g	Y_20181208_15692b_3_1g	Y_20181208_15692b_3_2g	Y_20181208_15692b_3_7g
0	27501.7676	26674.707	30033.4355	32887.9062	30521.1113	29083.2305	27609.002	26694.6836	24285.8008	30315.2676	28819.3633	28540.498	31703.1914	27144.0723	31761.209	24898.1582	28780.0234	28486.0645	30895.3574	26731.7461	28477.2012	31172.7461
0.1334	29118.9336	25691.0254	29460.7461	32093.541	31315.1992	29904.9727	27694.4844	25312.6348	24644.0039	30607.3398	28897.4844	27728.4922	30946.293	28469.4883	30748.0117	23151.1797	28589.8164	30027.8652	30426.7422	28492.5527	28564	31607.9766
0.2668	28308.6895	26084.8574	29693.9844	31211.207	31946.748	30541.5293	28414.9277	25238.125	25696.7949	29751.7422	29641.9219	27772.2793	32038.0645	29004.2305	30824.0391	23936.668	28824.6191	29524.1895	30607.3535	28981.7871	27608.3672	32201.9688
0.4003	27987.1113	25675.7402	30515.8359	31734.8711	30833.4141	28882.6152	27846.7891	25636.9863	26010.4531	29891.9355	30415.7988	30105.7246	32352.0547	29344.377	28814.3242	24317.6992	29204.7168	29954.5625	31987.1738	28233.3965	27652.3965	32977.5195
0.5337	26986.0742	25633.6797	32543.8867	32279.6387	29974.1406	29179.459	28535.9023	24867.627	24351.1855	29730.1035	29884.4512	29237.3223	30766.375	30083.1055	29884.6953	25756.6543	29578.0449	30614.8594	29174.4531	28293.3418	27075.2793	31695.1504
0.6671	26428.8828	25944.332	31809.9375	33079.6289	31195.6895	29442.9336	29345.6895	25191.7793	24933.4707	30086.5254	29752.0469	28020.1055	31152.0762	30738.4961	29551.3125	25734.1562	28600.3047	29426.7949	31090.0801	27123.3984	27666.6426	32569.4668
0.8005	27314.5273	26600.6758	31697.4492	33577.457	31429.748	30121.1328	30346.4043	25802.8672	25035.8789	31821.7344	30382.2285	29948.7949	30187.4727	30956.3691	31205.041	27413.2188	27940.3574	29058.043	30763.7207	28335.9199	28945.0684	31607.5215
0.934	27782.6133	27604.8184	33344.8242	34096.2656	30292.4316	33053.0469	34413.043	25913.3105	26631.9004	32592.8457	32035.2676	30666.1621	31884.1738	31496.6855	32408.0801	31111.084	27677.7129	27496.4922	32788.5156	28900.293	33235.75	31696.7461
1.0674	30532.0469	29236.2891	33962.6758	34928.2773	31664.75	35030.9258	46087.4258	26952.3145	26265.7051	32540.668	35699.9531	33592.9023	32348.4805	32983.1523	32898.0586	38033.3203	27426.3496	29466.7793	33625.2891	30579.6113	45741.7227	31783.1699
1.2008	31263.8848	32261.502	39773.4766	36820.6484	32446.4668	39717.7461	69160.9297	26209.0488	30927.1992	32240.1211	41701.1523	38052.4883	34567.5859	35831.25	36357.5547	53953.4414	28593.1523	29078.3574	36993.6602	34798.8477	67447.3828	32107.8398
1.3342	37966.9102	37585.9922	53571.7227	39280.7734	33406.1328	42720.043	97307.3125	28526.2266	39355.5195	34410.9648	57495.6641	50019.3516	36926.9141	42534.5586	48936.2383	69345.5859	28932.1836	30442.4316	42932.2109	47852.6875	86135.5625	32734.6816
1.4676	50661.4102	43683.8789	80572.0469	51828.5391	35921.2188	41257.2539	98843.3125	31512.9688	54182.0312	39293.5156	87098.5859	64233.0234	46856.3906	54587.75	69979.9375	59148.125	29688.8008	33413.6328	58504.168	73364.5156	73121.3906	36862.5547
1.6011	65675.0859	40234.5469	100814.3984	74252.1562	38612.043	36074.2461	71130.3984	35832.1133	58795.832	49900.3164	106526.1641	59675.0469	69692.6562	57000.3281	75048.7344	42025.3594	32210.3652	41172.4844	87274.0078	84051.1172	48130.0312	41357.8828
1.7345	62043.5469	31589.6895	84904.9062	92738.8516	48753.4609	33380.2266	46156.6797	33779.5938	45580.6094	59084.8438	85261.5781	44385.043	116542.2188	47389.7227	56798.6875	31173.082	36661.1406	57979.875	104534.9141	69449.4531	36085.043	52301.6055
1.8679	47344.543	29087.8008	56301.2812	81616.2891	69747.8984	32225.6953	34789.2031	29077.2988	33343.8203	54828.1836	54902.8867	35347.1641	136794.8906	37543.4766	39504.3281	28584.7109	47604.5195	72580.1875	87265.7031	50079.3242	30102.1602	52652.3984
2.0013	37376.2734	28213.5801	40563.8555	55475.0781	100296.6172	31623.5762	31059.8848	27441.9219	30053.4609	45309.8906	41631.0391	31779.709	99868.125	33229.9766	34900.4062	28724.1934	67576.2031	64875.2539	57644.9883	38153.8906	29334.0762	40926.8438
2.1347	33496.8945	26268.3867	36784.5625	40548.9727	96381.5234	NaN	30037.873	25680.248	28758.3145	39106.3086	35595.3984	29779.4551	61392.6914	30797.127	32676.1172	26273.0195	75346.3125	48204.6523	41853.6289	33955.1914	30850.7812	34835.8867
2.2682	32025.8066	NaN	NaN	34574.7305	63537.1523	NaN	NaN	NaN	27084.0215	37813.7656	35106.6367	30389.0762	43882.5469	30097.291	32924.3828	NaN	57211.5234	36836.6523	36624.293	NaN	29056.4961	32991.3398
2.4016	31907.7578	NaN	NaN	33100.7578	45351.8242	NaN	NaN	NaN	NaN	34149.8164	33838.8398	NaN	37123.0312	NaN	31540.123	NaN	39917.0352	33879.375	35715.6328	NaN	NaN	32034.6992
2.535	NaN	NaN	NaN	33437.6758	37940.9688	NaN	NaN	NaN	NaN	33498.5625	33775.7031	NaN	35127.3242	NaN	NaN	NaN	33007.7461	31420.2168	35280.7734	NaN	NaN	NaN
2.6684	NaN	NaN	NaN	NaN	33561.6641	NaN	NaN	NaN	NaN	NaN	NaN	NaN	33233.6875	NaN	NaN	NaN	31782.123	30890.8633	NaN	NaN	NaN	NaN
2.8019	NaN	NaN	NaN	NaN	32413.6328	NaN	NaN	NaN	NaN	NaN	NaN	NaN	33841.8906	NaN	NaN	NaN	29656.5508	29597.6445	NaN	NaN	NaN	NaN
2.9353	NaN	NaN	NaN	NaN	NaN	NaN	NaN	NaN	NaN	NaN	NaN	NaN	NaN	NaN	NaN	NaN	29389.1523	NaN	NaN	NaN	NaN	NaN
3.0687	NaN	NaN	NaN	NaN	NaN	NaN	NaN	NaN	NaN	NaN	NaN	NaN	NaN	NaN	NaN	NaN	NaN	NaN	NaN	NaN	NaN	NaN
3.2021	NaN	NaN	NaN	NaN	NaN	NaN	NaN	NaN	NaN	NaN	NaN	NaN	NaN	NaN	NaN	NaN	NaN	NaN	NaN	NaN	NaN	NaN
3.3355	NaN	NaN	NaN	NaN	NaN	NaN	NaN	NaN	NaN	NaN	NaN	NaN	NaN	NaN	NaN	NaN	NaN	NaN	NaN	NaN	NaN	NaN
3.469	NaN	NaN	NaN	NaN	NaN	NaN	NaN	NaN	NaN	NaN	NaN	NaN	NaN	NaN	NaN	NaN	NaN	NaN	NaN	NaN	NaN	NaN
3.6024	NaN	NaN	NaN	NaN	NaN	NaN	NaN	NaN	NaN	NaN	NaN	NaN	NaN	NaN	NaN	NaN	NaN	NaN	NaN	NaN	NaN	NaN
3.7358	NaN	NaN	NaN	NaN	NaN	NaN	NaN	NaN	NaN	NaN	NaN	NaN	NaN	NaN	NaN	NaN	NaN	NaN	NaN	NaN	NaN	NaN
3.8692	NaN	NaN	NaN	NaN	NaN	NaN	NaN	NaN	NaN	NaN	NaN	NaN	NaN	NaN	NaN	NaN	NaN	NaN	NaN	NaN	NaN	NaN
4.0027	NaN	NaN	NaN	NaN	NaN	NaN	NaN	NaN	NaN	NaN	NaN	NaN	NaN	NaN	NaN	NaN	NaN	NaN	NaN	NaN	NaN	NaN
4.1361	NaN	NaN	NaN	NaN	NaN	NaN	NaN	NaN	NaN	NaN	NaN	NaN	NaN	NaN	NaN	NaN	NaN	NaN	NaN	NaN	NaN	NaN
4.2695	NaN	NaN	NaN	NaN	NaN	NaN	NaN	NaN	NaN	NaN	NaN	NaN	NaN	NaN	NaN	NaN	NaN	NaN	NaN	NaN	NaN	NaN
4.4029	NaN	NaN	NaN	NaN	NaN	NaN	NaN	NaN	NaN	NaN	NaN	NaN	NaN	NaN	NaN	NaN	NaN	NaN	NaN	NaN	NaN	NaN
4.5363	NaN	NaN	NaN	NaN	NaN	NaN	NaN	NaN	NaN	NaN	NaN	NaN	NaN	NaN	NaN	NaN	NaN	NaN	NaN	NaN	NaN	NaN
4.6698	NaN	NaN	NaN	NaN	NaN	NaN	NaN	NaN	NaN	NaN	NaN	NaN	NaN	NaN	NaN	NaN	NaN	NaN	NaN	NaN	NaN	NaN
