x	Y_20181208_15693_10_11g	Y_20181208_15693_10_1g	Y_20181208_15693_10_7g	Y_20181208_15693_11_2g	Y_20181208_15693_11_4g	Y_20181208_15693_14_10g	Y_20181208_15693_14_8g	Y_20181208_15693_15_13g	Y_20181208_15693_15_14g	Y_20181208_15693_17_3g	Y_20181208_15693_18_5g	Y_20181208_15693_19_6g	Y_20181208_15693_20_2g	Y_20181208_15693_5_10g	Y_20181208_15693_7_3g	Y_20181208_15693_8_6g	Y_20181208_15693_9_3g	Y_20181208_15693_9_9g	Y_20181208_15693b_10_11g	Y_20181208_15693b_10_14g	Y_20181208_15693b_10_6g	Y_20181208_15693b_11_15g	Y_20181208_15693b_2_6g	Y_20181208_15693b_3_14g	Y_20181208_15693b_3_16g	Y_20181208_15693b_3_3g	Y_20181208_15693b_5_10g	Y_20181208_15693b_5_13g	Y_20181208_15693b_5_2g	Y_20181208_15693b_6_3g	Y_20181208_15693b_7_15g	Y_20181208_15693b_8_12g	Y_20181208_15693b_8_20g	Y_20181208_15693b_8_30g	Y_20181208_15693b_9_13g
0	30484.791	28430.4473	27431.9043	27417.5312	28286.0527	28727.2852	29927.7598	30864.1504	31106.9551	30450.5801	32689.6621	30331.252	29243.2871	34065.0117	30955.7266	28508.4648	29894.9355	32763.7812	32527.8555	29257.7402	30513.2422	29080.3965	27014.1934	28772.4805	36036.3086	27125.377	25963.1934	30675.8418	26304.3535	29141.4355	29937.0234	32024.8945	30143.7852	25956.1641	30166.0723
0.1334	30474.1309	28072.2246	29128.9668	28154.6641	27641.4688	27587.1836	30604.6348	29830.7363	30338.5996	29996.4336	32281.5918	30155.0664	29582.0352	33396	29817.2988	28692.0039	29511.5781	32923.9883	31610.3008	31454.6406	30521.877	29654.6328	28161.4531	27622.3652	33034.8359	28759.8594	25016.8457	31317.1758	25608.8965	27302.1133	30209.8555	32000.0684	30167.2559	25605.6895	30291.0625
0.2668	31390.2598	27366.3906	28134.875	29279.9102	27720.4629	27199.9395	31248.7012	31856.9629	29426.1465	29819.8496	32969.3906	30353.7617	30719.1934	35621.8164	29552.377	29348.3086	32059.6797	32806.0469	31329.9336	31276.8477	29627.8906	29827.1797	27774.4609	28948.8711	32007.1406	29202.0312	25478.2715	30624.5859	25806.8594	27655.6367	31368.377	29727.0059	29561.8691	24453.291	31117.8555
0.4003	32271.3438	27888.0469	28220.8105	27537.3477	27562.3438	27877.2207	31464.127	31507.2188	29021.2051	31186.5957	33114.8164	31321.2676	30395.1543	36764.4492	29626.0703	29559.9785	31253.9727	31995.5879	31137.584	30512.7773	29766.7363	29782.0332	27123.1367	29053.3457	31699.8281	28070.6543	26807.6094	30458.7207	25055.7812	26653.1777	31442.1152	30445.5527	30446.918	25471.9785	30685.252
0.5337	32493.7461	27545.3984	29651.7246	27748.2227	27659.5996	27614.4824	30372.3945	32065.0957	28903.7695	30225.7715	32780.7656	29329.0469	30120.1465	35608.1562	29749.5	29811.877	29801.2793	31409.9297	31289.4102	30070.3145	29268.0273	28179.9297	30647.0898	29749.1484	33750.9766	28686.6074	26065.6582	31760.3848	24591.3223	27461.8008	32005.6484	31059.127	30334.748	24720.1406	30230.1055
0.6671	31792.9492	28748.2949	30130.9824	27308.2148	28101.6094	29812.5312	30635.3867	31917.9297	29648.4902	30781.291	32720.1191	31699.4375	30018.9473	34558.2734	30646.8965	28666.0156	31499.1992	32361.1074	30308.8652	30908.2715	28884.5566	27526.1465	27339.5273	28766.3242	32094.2637	29001.4707	25340.9395	30906.8496	27086.9785	29175.4414	32830.9062	30362.3594	28950.3574	25484.5762	31209.9785
0.8005	30593.3809	28101.5137	30557.6699	28394.4531	29347.9707	31791.1133	31592.5488	30846.5879	29845.5547	29666.6016	31929.2188	30676.334	29708.1953	34342.4336	29809.0254	30582.9336	31676.707	33392.5977	33274.0039	31670.8672	28492.5254	27946.5977	28036.7246	28087.4336	32760.4453	30202.2344	24909.5938	32537.2793	27206.5391	30232.543	32194.2871	30643.9922	28206.1191	26338.6562	30922.9746
0.934	30752.7578	28022.877	29953.043	27989.8047	29805.5449	31577.6836	35511.2344	31496.0586	29712.8809	29830.7754	32917.1172	32266.3438	30984.7402	34496.5469	30034.3633	29635.8555	31621.5449	35114.8086	31597.4316	31673.6953	29736.7656	27640.7773	31077.8184	29648.6328	32085.6582	28003.0293	25504.1543	33819.5156	26804.707	30187.5195	32822.625	30808.0195	29378.9219	26850.3711	31989.6133
1.0674	32983.0938	28921.0234	29250.4141	28251.5605	29349.3301	33596.1836	44915.2227	31244.3574	30672.0156	30164.4551	32381.9609	30846.5527	30584.2148	35571.9492	31540.4688	29632.3535	32943.0977	35299.2812	32164.8926	31531.957	29609.1641	28346.0293	36213.7109	28387.5664	32787.6836	28503.3398	25950.4688	37987.7891	26816.2871	30454.4023	34608.3242	34043.2539	30890.0859	27864.3906	32698.5234
1.2008	31765.332	29517.877	29792.7227	27608.4473	32035.7402	41710.7148	60560.8711	31932.0176	31512.9531	32791.6484	35493.5312	31729.0547	32735.1309	36455.5781	30217.3887	30737.7012	34879.0039	36279.3281	32684.8281	31457.9199	30686.6055	28339.2227	42635.5156	29922.8711	33372.3398	29491.8535	26542.9512	43963.2383	27146.707	31147.0996	37375.1758	33595.4688	31353.7148	28297.5059	32663.2539
1.3342	33788.1602	30617.416	32232.6934	28647.8145	33838.5781	55665.4922	81754.4922	32159.8652	31647.7578	33183.0898	34997.0234	32397.3867	36187.793	37838.9414	34345.5312	31344.8145	37155.0039	43765.5898	35815.2539	32657.2559	31741.4434	29794.5352	68666.5391	30580.7871	34669.9062	29592.3242	30353.0469	55473.0703	30337.2168	33559.0352	38393.3672	36925.7891	33983.793	31659.8008	32225.7129
1.4676	40349.7305	32170.6152	36552.6367	31007.7363	43207.6641	74684.7188	86858.7656	31261.5488	34518.9883	40483.8203	38292.4727	33454.3828	40385.8906	47673.4375	41287.3672	34186.5352	49756.0625	54866.8984	40461.2812	35522.7695	35340.1406	31144.3789	104564.375	30060.2422	34524.8242	31828.4609	35650.5508	62615.8086	35540.7227	38164.918	47027.5156	43387.5469	38988.2148	43022.6367	34408.6328
1.6011	53344.7266	35118.582	44419.2422	34339.3047	62344.793	75007.5938	63915.7812	31397.0684	38798.5	61112.0742	49165.5977	37671.1523	48044.3359	69663.7734	46267.4453	42826.5508	71139.6406	83219.2969	51032.6094	48280.2227	43126.2891	37961.0195	107312.0859	32880.4766	37576.4102	37805.5117	44745.6328	51177.1953	43981.2148	48221.6445	64761.0586	66466.0391	52919.6445	61983.3281	41699.5273
1.7345	77441.6875	46990.6875	61917.8594	44599.875	74657.5625	55316.3789	47171.2422	34095.7734	52972.6094	78635.4297	70770.5078	51568.6797	48179.6797	94183.2266	41531.0898	60242.5977	85916.9688	112911.6719	73810.7734	70606.2578	64555.3438	50372.5273	77257.3438	38512.9766	45834.1875	50147.9414	56645.2227	40589.3672	65157.7422	68283.7031	96743.625	91442.3359	79951.2031	81638.1484	63053.1523
1.8679	89468.6562	62424.7461	73146.75	52280.8164	62452.0938	41350.5469	41324.0312	33372.9102	81383.0625	73070.4844	111926.125	71081.6328	40325.2422	89036	36598.7852	73591.2344	66882.5	105879.4766	92813.6094	87748.5391	88803.6641	56685.8594	46309.3906	48844.2266	60453.5859	62211.9102	55342.7539	36577.1016	89996.25	86521.3672	123388.8359	91373.5703	98184.7656	77354.6562	90662.7891
2.0013	70757.3672	66462.5	59084.3281	50150.5234	43500.0781	35544.4297	35718.9062	33983.5352	105175.7109	52940.7695	127374.5938	70527.4688	37773.6367	63447.0898	33345.2305	62383.375	47685.8242	65471.043	87852.8594	77931.0703	89406.5391	50036.8867	35304.2227	62556.9609	73107.625	58539.5938	42992.1445	34264.8398	93467.7734	74194.9844	102788.5078	63874.9688	83198.4062	56136.5977	93382.3203
2.1347	46364.9961	50905.7344	42787.543	39449.1641	32983.7266	31551.0273	NaN	37834.7734	87437.1094	41172.6758	94718.6484	51440.2773	37879.9922	46033.1719	30949.0098	42611.625	38286.8164	45995.7344	59431.6445	52744.3789	63002.0977	41886.8672	31699.8066	62229.043	65156.1328	46354.2969	33841.0625	33537.8906	69832.9062	52000.1875	62880.1445	43971.0664	56046.5195	36762.9062	72266.5312
2.2682	39006.5703	37968.4297	37637.8867	31084.2773	30355.8418	30962.9043	NaN	48248.9922	56717.582	37211.1094	59877.707	42173.8242	NaN	40160.6719	30808.1758	33879.5352	34910.0391	39855.6523	44279.2891	37725.3828	46772.1328	35401.4609	29919.0449	46029.0508	47992.3672	37322.7656	30008.3496	32685.1914	47725.875	40319.1875	45415.8398	39465.8477	44539.207	32093.4434	49506.5117
2.4016	35975.1016	33276.6406	33703.3125	28860.0645	29440.2793	NaN	NaN	65255.2891	43013.9414	34749.2227	44490.8984	35907.9688	NaN	37354.6445	29750.7715	30882.4004	34438.9766	37451.1406	38614.3789	NaN	45884.875	32447.1562	27028.5801	36727.4062	39448.0312	34700.5508	27472.1914	NaN	34663.6914	36758.2422	38498.3203	34363.1172	41049.7852	29888.6777	39018.5
2.535	33962.7266	30308.9688	NaN	28574.9805	28467.5957	NaN	NaN	64749.7109	37710.7148	32955.2461	40452.4883	35724.8828	NaN	35789.6328	NaN	30431.168	34347.543	36337.3906	33897.543	NaN	NaN	32023.6504	27365.334	33258.4414	35581.5039	30456.6875	27018.0371	NaN	32705.2344	33907.332	34247.707	36807.3906	36012.2969	28933.6582	34458.0703
2.6684	NaN	28083.0059	NaN	NaN	28746.9609	NaN	NaN	50710.8711	36173.1797	32584.0645	37591.7266	36910.2578	NaN	34528.3008	NaN	31096.5117	33763.0742	35559.3203	33629.5391	NaN	NaN	32103.0703	NaN	NaN	34191.4805	NaN	26731.707	NaN	29232.1641	NaN	32738.666	32945.9336	NaN	27998.252	33620.4375
2.8019	NaN	NaN	NaN	NaN	29183.2461	NaN	NaN	39688.043	34790.332	NaN	36512.0547	35612.2422	NaN	NaN	NaN	30827.4062	NaN	NaN	32739.5762	NaN	NaN	33037.4766	NaN	NaN	NaN	NaN	27025.084	NaN	27420.1309	NaN	32483.9609	NaN	NaN	NaN	33037.9258
2.9353	NaN	NaN	NaN	NaN	NaN	NaN	NaN	34457.9844	NaN	NaN	NaN	NaN	NaN	NaN	NaN	30166.2656	NaN	NaN	NaN	NaN	NaN	NaN	NaN	NaN	NaN	NaN	28801.5938	NaN	NaN	NaN	NaN	NaN	NaN	NaN	NaN
3.0687	NaN	NaN	NaN	NaN	NaN	NaN	NaN	32851.6758	NaN	NaN	NaN	NaN	NaN	NaN	NaN	NaN	NaN	NaN	NaN	NaN	NaN	NaN	NaN	NaN	NaN	NaN	NaN	NaN	NaN	NaN	NaN	NaN	NaN	NaN	NaN
3.2021	NaN	NaN	NaN	NaN	NaN	NaN	NaN	31792.5469	NaN	NaN	NaN	NaN	NaN	NaN	NaN	NaN	NaN	NaN	NaN	NaN	NaN	NaN	NaN	NaN	NaN	NaN	NaN	NaN	NaN	NaN	NaN	NaN	NaN	NaN	NaN
3.3355	NaN	NaN	NaN	NaN	NaN	NaN	NaN	33540.0898	NaN	NaN	NaN	NaN	NaN	NaN	NaN	NaN	NaN	NaN	NaN	NaN	NaN	NaN	NaN	NaN	NaN	NaN	NaN	NaN	NaN	NaN	NaN	NaN	NaN	NaN	NaN
3.469	NaN	NaN	NaN	NaN	NaN	NaN	NaN	NaN	NaN	NaN	NaN	NaN	NaN	NaN	NaN	NaN	NaN	NaN	NaN	NaN	NaN	NaN	NaN	NaN	NaN	NaN	NaN	NaN	NaN	NaN	NaN	NaN	NaN	NaN	NaN
3.6024	NaN	NaN	NaN	NaN	NaN	NaN	NaN	NaN	NaN	NaN	NaN	NaN	NaN	NaN	NaN	NaN	NaN	NaN	NaN	NaN	NaN	NaN	NaN	NaN	NaN	NaN	NaN	NaN	NaN	NaN	NaN	NaN	NaN	NaN	NaN
3.7358	NaN	NaN	NaN	NaN	NaN	NaN	NaN	NaN	NaN	NaN	NaN	NaN	NaN	NaN	NaN	NaN	NaN	NaN	NaN	NaN	NaN	NaN	NaN	NaN	NaN	NaN	NaN	NaN	NaN	NaN	NaN	NaN	NaN	NaN	NaN
3.8692	NaN	NaN	NaN	NaN	NaN	NaN	NaN	NaN	NaN	NaN	NaN	NaN	NaN	NaN	NaN	NaN	NaN	NaN	NaN	NaN	NaN	NaN	NaN	NaN	NaN	NaN	NaN	NaN	NaN	NaN	NaN	NaN	NaN	NaN	NaN
4.0027	NaN	NaN	NaN	NaN	NaN	NaN	NaN	NaN	NaN	NaN	NaN	NaN	NaN	NaN	NaN	NaN	NaN	NaN	NaN	NaN	NaN	NaN	NaN	NaN	NaN	NaN	NaN	NaN	NaN	NaN	NaN	NaN	NaN	NaN	NaN
4.1361	NaN	NaN	NaN	NaN	NaN	NaN	NaN	NaN	NaN	NaN	NaN	NaN	NaN	NaN	NaN	NaN	NaN	NaN	NaN	NaN	NaN	NaN	NaN	NaN	NaN	NaN	NaN	NaN	NaN	NaN	NaN	NaN	NaN	NaN	NaN
4.2695	NaN	NaN	NaN	NaN	NaN	NaN	NaN	NaN	NaN	NaN	NaN	NaN	NaN	NaN	NaN	NaN	NaN	NaN	NaN	NaN	NaN	NaN	NaN	NaN	NaN	NaN	NaN	NaN	NaN	NaN	NaN	NaN	NaN	NaN	NaN
4.4029	NaN	NaN	NaN	NaN	NaN	NaN	NaN	NaN	NaN	NaN	NaN	NaN	NaN	NaN	NaN	NaN	NaN	NaN	NaN	NaN	NaN	NaN	NaN	NaN	NaN	NaN	NaN	NaN	NaN	NaN	NaN	NaN	NaN	NaN	NaN
4.5363	NaN	NaN	NaN	NaN	NaN	NaN	NaN	NaN	NaN	NaN	NaN	NaN	NaN	NaN	NaN	NaN	NaN	NaN	NaN	NaN	NaN	NaN	NaN	NaN	NaN	NaN	NaN	NaN	NaN	NaN	NaN	NaN	NaN	NaN	NaN
4.6698	NaN	NaN	NaN	NaN	NaN	NaN	NaN	NaN	NaN	NaN	NaN	NaN	NaN	NaN	NaN	NaN	NaN	NaN	NaN	NaN	NaN	NaN	NaN	NaN	NaN	NaN	NaN	NaN	NaN	NaN	NaN	NaN	NaN	NaN	NaN
4.8032	NaN	NaN	NaN	NaN	NaN	NaN	NaN	NaN	NaN	NaN	NaN	NaN	NaN	NaN	NaN	NaN	NaN	NaN	NaN	NaN	NaN	NaN	NaN	NaN	NaN	NaN	NaN	NaN	NaN	NaN	NaN	NaN	NaN	NaN	NaN
4.9366	NaN	NaN	NaN	NaN	NaN	NaN	NaN	NaN	NaN	NaN	NaN	NaN	NaN	NaN	NaN	NaN	NaN	NaN	NaN	NaN	NaN	NaN	NaN	NaN	NaN	NaN	NaN	NaN	NaN	NaN	NaN	NaN	NaN	NaN	NaN
5.07	NaN	NaN	NaN	NaN	NaN	NaN	NaN	NaN	NaN	NaN	NaN	NaN	NaN	NaN	NaN	NaN	NaN	NaN	NaN	NaN	NaN	NaN	NaN	NaN	NaN	NaN	NaN	NaN	NaN	NaN	NaN	NaN	NaN	NaN	NaN
5.2035	NaN	NaN	NaN	NaN	NaN	NaN	NaN	NaN	NaN	NaN	NaN	NaN	NaN	NaN	NaN	NaN	NaN	NaN	NaN	NaN	NaN	NaN	NaN	NaN	NaN	NaN	NaN	NaN	NaN	NaN	NaN	NaN	NaN	NaN	NaN
5.3369	NaN	NaN	NaN	NaN	NaN	NaN	NaN	NaN	NaN	NaN	NaN	NaN	NaN	NaN	NaN	NaN	NaN	NaN	NaN	NaN	NaN	NaN	NaN	NaN	NaN	NaN	NaN	NaN	NaN	NaN	NaN	NaN	NaN	NaN	NaN
5.4703	NaN	NaN	NaN	NaN	NaN	NaN	NaN	NaN	NaN	NaN	NaN	NaN	NaN	NaN	NaN	NaN	NaN	NaN	NaN	NaN	NaN	NaN	NaN	NaN	NaN	NaN	NaN	NaN	NaN	NaN	NaN	NaN	NaN	NaN	NaN
5.6037	NaN	NaN	NaN	NaN	NaN	NaN	NaN	NaN	NaN	NaN	NaN	NaN	NaN	NaN	NaN	NaN	NaN	NaN	NaN	NaN	NaN	NaN	NaN	NaN	NaN	NaN	NaN	NaN	NaN	NaN	NaN	NaN	NaN	NaN	NaN
5.7371	NaN	NaN	NaN	NaN	NaN	NaN	NaN	NaN	NaN	NaN	NaN	NaN	NaN	NaN	NaN	NaN	NaN	NaN	NaN	NaN	NaN	NaN	NaN	NaN	NaN	NaN	NaN	NaN	NaN	NaN	NaN	NaN	NaN	NaN	NaN
5.8706	NaN	NaN	NaN	NaN	NaN	NaN	NaN	NaN	NaN	NaN	NaN	NaN	NaN	NaN	NaN	NaN	NaN	NaN	NaN	NaN	NaN	NaN	NaN	NaN	NaN	NaN	NaN	NaN	NaN	NaN	NaN	NaN	NaN	NaN	NaN
