x	Y_20181208_15693_1_10g	Y_20181208_15693_1_14g	Y_20181208_15693_1_4g	Y_20181208_15693_1_6g	Y_20181208_15693_10_14g	Y_20181208_15693_11_11g	Y_20181208_15693_12_6g	Y_20181208_15693_13_3g	Y_20181208_15693_13_6g	Y_20181208_15693_14_13g	Y_20181208_15693_14_1g	Y_20181208_15693_15_5g	Y_20181208_15693_2_10g	Y_20181208_15693_2_7g	Y_20181208_15693_20_5g	Y_20181208_15693_3_9g	Y_20181208_15693_6_2g	Y_20181208_15693_7_2g	Y_20181208_15693_8_3g	Y_20181208_15693_9_11g	Y_20181208_15693_9_13g	Y_20181208_15693_9_1g	Y_20181208_15693_9_6g	Y_20181208_15693b_11_13g	Y_20181208_15693b_11_14g	Y_20181208_15693b_11_16g	Y_20181208_15693b_11_4g	Y_20181208_15693b_11_5g	Y_20181208_15693b_11_9g	Y_20181208_15693b_12_6g	Y_20181208_15693b_13_18g	Y_20181208_15693b_13_6g	Y_20181208_15693b_3_20g	Y_20181208_15693b_3_2g	Y_20181208_15693b_4_1g	Y_20181208_15693b_5_25g	Y_20181208_15693b_5_3g	Y_20181208_15693b_7_13g	Y_20181208_15693b_8_15g	Y_20181208_15693b_8_16g	Y_20181208_15693b_9_15g	Y_20181208_15693b_9_1g	Y_20181208_15693b_9_8g
0	11850.7363	10836.0176	10886.4375	9833.4414	13068.7646	16170.4961	11874.1895	14198.5049	11064.502	12880.5371	13523.7559	15215.4395	13015.7656	11072.2227	9580.4043	10079.8525	10633.8965	10484.1631	11314.1338	10400.3047	9025.6963	12538.082	12342.2393	10651.8438	10274.8096	9907.4863	13068.4434	10978.1582	9634.7871	11451.3643	9656.6494	10668.6348	12294.9668	12439.8438	14195.6562	10725.1729	10688.7891	9270.4893	11368.4287	11808.0205	10609.167	11511.7412	11460.5225
0.1334	12950.0137	11365.4609	10930.0078	10302.2803	14522.5049	16580.5781	13165.2354	18680.8125	11810.6367	15057.6543	14235.8955	17841.6055	13149.5146	10691.7578	10431.0146	10285.2227	11169.6621	11865.4756	12259.7285	11845.5918	9408.7568	15683.1992	13391.4912	10621.3135	11282.502	10588.8555	13577.835	11818.3613	9972.4551	11387.4316	10540.3018	11855.083	12441.8564	14599.208	17481.2168	11038.6758	12618.5703	9306.6035	12347.7578	11366.8643	10706.4893	12761.9707	13445.1504
0.2668	14227.2432	14272.5537	11580.8535	11034.4717	17196.2012	16855.2559	15837.2461	23514.6602	12324.791	16626.5254	17036.1465	18025.0391	14406.0625	12180.8291	11591.5234	10507.6621	11739.6846	13898.7607	13519.3594	14252.9248	10061.5381	19034.0566	14191.3447	11060.7344	14172.3398	11122.3418	15898.6992	12463.7471	10503.165	11928.0557	11299.4287	13545.9453	12869.0967	18522.9062	17835.5352	12155.0176	13587.3818	9761.0469	14675.2129	12298.3447	11366.7305	15947.3486	17165.4844
0.4003	15821.9014	18075.3789	11319.0273	13389.4502	20975.1484	14362.8213	19086.2559	21577.793	11933.4062	16923.5742	18765.0312	15343.8691	15987.1201	14337.4453	13192.7432	10735.7939	13266.1348	16914.2754	16756.127	16274.0723	11222.0996	19819.6426	18016.6289	12696.5303	17781.1875	11423.9004	18876.6426	13512.8369	12680.8691	12764.8926	13112.5674	16016.0947	14177.4141	20562.0332	16819.5859	13387.2832	13274.9287	9908.3564	18675.9375	14490.1104	11588.4111	18328.5098	18451.1543
0.5337	14429.4258	22061.1797	13267.3926	16600.0059	22846.2422	14021.5176	18543.3555	16679.377	13889.4561	15585.7031	18228.1816	14141.8926	15367.2451	16748.6035	15924.7803	11099.415	13094.9639	18856.7969	21513.3926	16268.5264	12150.3701	17922.5605	19313.4551	15461.833	18754.373	12059.8438	23015.2969	13001.001	15132.8711	14565.5537	14552.7842	18206.3223	16875.2734	19806.293	16082.1709	16095.2363	13524.4219	10928.4922	19492.5273	17111.2852	12394.877	16750.5684	17022.5273
0.6671	12925.5098	22541	13530.8613	18906.6914	21097.6875	14790.3506	20001.9668	15928.3057	14486.8779	14285.2383	17646.6836	13645.3916	14920.7559	19059.0742	16347.5723	12477.5352	13381.1914	19311.7832	24800.1758	15860.8555	13151.3604	16303.6807	19194.1855	17841.5391	16982.5605	12925.6777	20738.7832	11922.0361	15890.5049	15376.5625	13925.3809	20254.5098	16639.582	18790.8926	15346.7422	17687.8184	13739.6006	12928.8135	18885.8945	18234.1035	13388.1152	14300.8057	13376.5605
0.8005	12709.9561	19040.8008	12864.0703	16184.6504	16871.4102	14898.7822	18727.459	14573.8232	13367.8438	13770.8564	17055.8242	13936.0244	15297.7734	18038.916	14544.7598	13359.1641	13401.5449	16576.8242	25333.3633	15089.9404	14177.4971	15688.8848	17392.9277	15780.3867	15578.7432	13570.0713	18853.8047	11641.3564	15725.9023	15757.1709	12540.6318	18904.6641	14603	18729.7012	17048.2891	17939.0332	13262.9561	13456.1816	18097.8809	15874.4346	14960.7373	13743.7969	12969.9219
0.934	12376.3662	16215.1348	12187.458	14345.9766	14916.6592	13644.8838	17036.7754	13900.6787	11701.7217	13344.9297	16779.0527	13950.7451	14599.2324	16060.5938	12926.8672	13095.3271	12907.5049	15443.4863	21049.666	14890.7998	14251.7012	15079.7168	16350.4941	14189.4932	13958.0186	12682.1953	17829.7441	10873.4014	13995.2168	15174.6768	12290.1943	18080.166	13293.0576	18013.8066	16329.3945	15810.2383	12789.5068	14856.4219	16751.1738	13868.748	15694.6289	13766.6787	13310.7715
1.0674	12556.668	15116.0967	11236.8594	13754.5342	13765.9141	13531.1201	16692.5859	14024.1279	11973.0703	13288.3135	16096.6465	13646.7617	13035.9785	14023.5371	12957.2842	12180.4258	11623.5625	13754.1416	19330.8398	14015.7842	14973.2803	13548.7158	16866.1953	13402.6289	13956.4189	11593.5762	16051.3848	10828.0684	13593.3467	13617.9482	11215.3047	17830.2422	12904.1211	16183.752	15595.4775	15076.4033	13279.9795	16522.9414	14951.3008	12923.8154	14654.6309	14133.7324	13043.5527
1.2008	12187.502	14143.2012	11107.8535	13812.6338	12914.9648	13160.0537	15597.9248	13103.0381	12108.5986	12797.1094	15852.8789	13000.6064	12281.1064	15043.0322	13085.8545	12582.0879	11148.7588	12920.5928	18589.3223	12812.1006	14501.7969	12866.6777	16532.3066	13691.8955	14360.0264	12152.0928	15312.0986	11298.1758	14347.1572	13309.4932	12882.6494	16861.8789	13003.0303	15584.1162	15200.6602	14036.5928	13440.3838	17534.5625	14554.8008	11999.501	13463.2363	14002.8174	12999.4863
1.3342	12353.999	14117.9512	10866.877	13792.6035	12984.0879	12365.0576	15078.2725	12734.2158	13165.459	12606.3398	15358.3213	12065.9854	12321.877	13626.5518	12972.7432	12192.1494	10964.1641	14070.1318	17522.0723	12964.2471	14319.5303	13207.4443	15666.8281	13331.3779	14260.3301	11741.1602	14802.1973	10734.5	13583.1152	12677.6055	13358.9209	17956.4805	12836.1475	14673.5547	15249.4531	14098.1709	13307.9258	16978.1133	13919.2969	12166.9443	12152.4658	13815.417	13399.8535
1.4676	11508.1934	14525.6816	12190.1289	13860.8809	12491.6484	12415.333	14480.8906	11903.3447	13156.5869	13734.8848	14269.9482	12107.0869	12589.0576	14453.8291	12564.9775	12889.6885	10523.1484	14130.3984	18318.9688	12415.2178	13017.917	12475.916	14570.3145	14407.9141	14247.8584	11650.5557	14517.5449	10401.8438	15070.8584	12643.251	14340.3672	17031.4023	13028.2773	15436.6699	14107.2998	13520.3184	12822.7168	17789.5312	13364.2588	11938.1191	12237.498	12983.0381	12854.9512
1.6011	12410.2676	14027.5312	12824.6523	14643.2881	12306.7061	11868.0586	14231.165	12144.8779	13035.8926	13596.9502	13722.8506	11112.9551	11743.4209	15113.3711	13178.1016	13654.8857	11055.6631	13105.8359	19714.957	12455.0771	12219.9922	13000.1689	14009.957	14342.7266	14315.5645	12248.7139	14388.707	10929.7812	15828.6572	12515.9766	13862.2373	16684.748	12860.0742	14949.1523	13910.1133	12087.5605	12924.6709	15569.9844	12577.623	11464.9062	11699.0635	12178.0195	12997.8818
1.7345	12138.5352	13636.9307	11944.5957	14230.0576	13261.6758	12077.25	15305.2793	12430.2139	13414.1885	12976.6758	12304.4004	11554.5283	11287.6133	14871.4814	12932.21	12712.2754	10997.3818	12452.5684	21582.5859	12337.208	12494.209	12686.8838	14134.1904	14301.9639	14497.3271	12684.8408	13296.4424	11966.1797	15777.2393	12540.5342	13766.5088	16829.3867	13136.2422	14697.7461	13362.6006	11566.4922	11676.5498	14232.876	11983.5947	11157.4609	11816.8516	12853.9648	13566.3213
1.8679	10893.29	14930.2383	12584.5713	13648.3994	14579.1484	11448.0859	14932.5049	12235.543	13425.3389	12303.8154	11741.2861	11412.8545	11911.4521	14206.3574	12327.4434	13214.2275	11374.2861	13986.2383	20852.541	12920.9639	13391.5889	12530.8662	13291.3076	13434.6436	15421.6729	13403.3828	13462.2881	13300.0127	15151.4336	12326.0361	14782.9893	16176.8877	13118.6475	13241.3936	13282.6914	11185.8555	11777.4014	13485.5029	12143.5439	12378.7266	11839.0664	13806.2451	13886.1885
2.0013	11259.584	15630.0547	13565.9736	13977.9355	16031.8838	11446.1484	13562.4639	13303.5439	12005.7646	11263.3057	11750.1738	12110.5879	12443.8867	15392.8877	11496.4619	13272.7656	11543.0527	13080.0693	18568.9258	15239.624	12880.6943	12596.0664	12866.9336	12479.7734	14768.3115	14724.3018	12076.5459	12472.3027	14265.4766	12517.5244	14849.9141	15046.2051	14405.9512	12622.3066	13533.7891	10704.3623	11803.833	13480.377	11663.7578	12469.5322	11908.209	13281.9473	13990.6836
2.1347	10955.834	15536.6484	14189.5596	13486.6914	18559.7207	11690.7139	13210.4229	14370.9404	11990.3076	11042.5381	12197.9639	12114.4688	13554.9854	14143.8457	11617.6543	12536.3994	11319.1992	12961.1182	18279.582	15237.3613	13243.8242	12255.6963	13535.8594	11927.5752	13967.1738	13810.7832	13201.584	11709.2363	13218.8018	12913.6064	14346.2158	15117.377	15187.5469	13524.1895	12875.6904	11434.376	11723.7188	13467.1484	11736.2227	12124.291	12460.7295	12512.7148	15011.1963
2.2682	10906.6006	16507.1152	12913.5557	13384.7451	18176.1543	12182.0449	12897.4424	16009.9424	11661.0479	11042.6982	13218.6094	12130.792	13909.7861	13101.8174	11360.585	12994.8359	11907.7061	12402.9395	16146.6348	15738.0869	13017.5518	11979.5967	13347.4619	11610.0527	14247.5371	13421.5088	14118.4541	11226.7334	12819.7158	12937.6865	13785.8145	14938.1396	15165.1514	14758.4111	13530.6465	11310.9072	12134.499	13519.4268	11937.4424	11521.6543	13020.8574	13209.7002	15769.7432
2.4016	11180.5215	15763.6592	13741.2715	13827.2393	17148.9727	13499.6621	11896.4014	15188.6826	11432.9395	10434.1338	13740.1816	12519.8301	13511.626	12802.4658	10820.2803	13528.6182	11999.5791	13259.874	15213.2188	15098.1172	12715.4023	12226.0986	13515.9072	11929.5156	14888.002	12590.4023	13692.7744	12022.4443	13070.1025	12670.5059	13249.6143	14453.2246	15248.543	14459.1611	13302.8193	11841.9482	12345.9785	13254.5039	11208.8662	11787.751	14493.1943	14335.5381	15049.0742
2.535	11519.0488	15561.2148	12487.0352	14083.8086	16327.5	13882.8984	11392.8428	13755.5928	11724.5977	10116.8428	13831.7676	12450.8525	13131.6025	11750.4863	11496.4746	13279.7275	12207.4688	14117.1406	15190.8887	13846.2412	11729.4111	12091.2314	13525.5049	12025.4688	14007.582	12384.8447	14945.2607	11668.4756	12739.7607	12678.9248	12530.4277	14642.5801	15795.4463	14998.7148	13586.3828	13852.5342	13047.3135	13085.5059	12038.1992	13228.2559	14367.9482	15202.709	13614.0273
2.6684	12407.752	14550.6836	11992.3721	13390.04	15337.7891	15682.6123	11050.4375	13871.4033	12005.8154	10763.3818	13750.3799	13501.2607	13726.8076	12179.5537	12182.2295	13135.543	12212.7607	14173.6484	15208.6309	14246.3584	11753.3652	11974.8877	14456.0908	12965.4746	12364.7061	12932.7354	15112.4443	10974.3818	12641.3496	12545.6787	12665.0381	13834.5342	16500.1602	14786.3506	13469.4355	13505.5518	12941.7148	13051.208	12429.3027	13634.0723	14001.1953	15159.4512	13460.1025
2.8019	12614.0771	14391.7012	12586.8516	14254.7217	14574.835	14842.6855	11941.0762	13165.3242	11738.7979	10606.1211	12966.4238	12902.707	14394.6992	10922.1689	12744.4287	13972.2461	11810.2891	13526.8037	15449.8164	14489.6611	11385.0889	10809.6992	14380.5879	12119.9951	12192.4824	12905.8984	14594.9072	11969.9102	12571.7646	12843.3564	12250.6387	13705.6885	16163.8818	13317.5703	13665.8682	12033.5918	12378.7773	12602.8496	11974.0684	13695.1133	13295.5352	14608.8086	12649.1074
2.9353	12234.4863	13765.7773	12134.791	13326.7627	14140.832	13247.0801	11905.6787	12762.6582	12083.9512	10497.0967	12853.0977	NaN	16147.2197	10531.3457	12843.9053	14240.7363	11539.5283	14692.1768	14280.9521	14104.3184	10949.4482	11588.1895	13074.125	12128.9443	12533.9316	12023.3164	14316.1113	11662.125	13184.2451	13409.3574	11793.1758	13678.1602	14786.9717	12584.4619	13149.2549	11131.3457	12355.9502	12839.7881	11514.0352	12381.3301	13446.1982	13163.0176	12295.8418
3.0687	11814.1855	12964.0498	12109.2002	13256.3096	14258.3672	12386.6348	11751.6875	12251.9062	13239.8604	10635.4775	11949.9795	NaN	15959.9062	11184.5352	12917.8828	14033.8125	11444.1055	13775.3721	13630.5635	13203.6602	10959.2002	11871.3047	12177.2061	11736.0332	11874.0752	11438.0527	12826.9492	11440.7178	12774.6973	11887.9727	11967.1748	13980.8301	13795.1611	12478.833	13140.7305	10895.2148	12142.0664	12750.8223	12410.9258	12494.6768	14820.1562	12619.1221	11721.8223
3.2021	12888.1064	13096.0645	NaN	12636.5879	13360.0215	11480.4844	11596.3203	12346.2021	12912.2607	10925.4502	13044.3721	NaN	14014.4912	11440.5947	12536.1807	13283.1904	11476.7402	14309.958	13158.8477	12734.7354	11479.8662	12064.5566	11434.4385	12119.9717	11183.3018	11546.0908	12888.1885	11232.8799	13940.7568	11968.874	12646.8594	12386.5391	13880.9316	11891.2998	13454.3779	11753.4531	12351.2998	14285.5654	11961.8242	12033.5273	14013.5264	12195.1699	12508.3994
3.3355	12568.7842	13924.6582	NaN	12509.6572	13035.957	11675.8867	11263.9961	12464.2998	NaN	11487.6211	12294.8359	NaN	13799.3848	10597.7646	13014.7197	13183.3994	11728.0498	14125.707	12516.4619	13260.1582	11389.4629	NaN	12053.4004	11842.3291	11162.3516	11426.8945	11830.2754	11043.5625	13828.8584	12384.4873	12539.1152	13066.418	13744.2705	12447.4033	13579.0049	11510.9258	11661.8535	14208.7939	11385.9258	11872.6953	13696.1729	12075.7236	11586.6475
3.469	11839.1641	13484.5	NaN	12522.1006	12799.5596	11780.2783	11717.6172	11894.665	NaN	11231.9727	11827.6826	NaN	12677.1787	11524.7598	12462.7842	12761.7842	11304.4443	12860.9277	11273.3105	11973.0234	11613.3105	NaN	12216.9492	11852.127	10906.9727	11875.1572	11311.9355	11570.748	13470.7363	12270.3408	11740.166	12737.0986	13055.835	12186.2656	13176.7607	11467.46	11205.5049	14450.0205	12135.3965	11227.1377	13854.8789	12937.7012	11499.1328
3.6024	NaN	13570.7314	NaN	12076.0039	12360.6592	11879.4482	11485.3232	11502.9971	NaN	NaN	11984.9346	NaN	13506.7979	11196.5576	12331.0801	12766.3184	11250.5264	13410.1035	11139.2227	11731.3955	11565.9902	NaN	12225.8799	11431.3252	11594.5361	11161.373	11744.2461	NaN	13411.1562	11660.8662	12401.9258	12229.3154	12314.9492	12528.2295	NaN	11392.2822	NaN	14302.0479	13001.4414	10639.5264	13437.9424	12335.3496	11513.9844
3.7358	NaN	14165.8545	NaN	12653.1172	12162.4678	NaN	11899.1602	NaN	NaN	NaN	NaN	NaN	13416.6172	11618.9678	11717.4775	12242.8711	11466.7656	13423.5781	11622.9238	12251.8525	11514.0635	NaN	12097.0371	11295.6611	12432.3809	11434.5	11014.2051	NaN	13688.9766	11274.8945	NaN	12554.6436	11826.7754	11935.9961	NaN	11417.3369	NaN	13198.6465	12090.5381	11217.6475	12427.1836	12006.9385	11109.7178
3.8692	NaN	14113.5	NaN	12483.2871	NaN	NaN	11847.5186	NaN	NaN	NaN	NaN	NaN	NaN	11919.9004	12230.0596	12687.3223	NaN	13440.2666	11296.0039	NaN	11131.8213	NaN	12178.0889	11281.2295	11911.9102	11552.6816	11443.8125	NaN	13672.6445	11390.4375	NaN	11840.0342	NaN	12372.0693	NaN	11718.2129	NaN	12420.8223	NaN	10611.2822	11691.0801	12319.9043	NaN
4.0027	NaN	13071.1699	NaN	12361.3369	NaN	NaN	NaN	NaN	NaN	NaN	NaN	NaN	NaN	NaN	12183.4189	12486.4561	NaN	13287.7002	11293.3252	NaN	10653.167	NaN	NaN	11204.4219	11735.0225	NaN	10962.1729	NaN	12822.4395	NaN	NaN	10664.8838	NaN	NaN	NaN	11261.3145	NaN	12023.6758	NaN	11040.2949	11311.3975	11777.623	NaN
4.1361	NaN	NaN	NaN	12226.4004	NaN	NaN	NaN	NaN	NaN	NaN	NaN	NaN	NaN	NaN	NaN	NaN	NaN	NaN	NaN	NaN	11014.9951	NaN	NaN	11277.7783	12025.2041	NaN	11427.4639	NaN	12477.7188	NaN	NaN	10875.4355	NaN	NaN	NaN	11657.3066	NaN	11704.5996	NaN	10887.8828	11363.8145	NaN	NaN
4.2695	NaN	NaN	NaN	11536.2998	NaN	NaN	NaN	NaN	NaN	NaN	NaN	NaN	NaN	NaN	NaN	NaN	NaN	NaN	NaN	NaN	11313.5615	NaN	NaN	NaN	12272.7451	NaN	11064.1172	NaN	NaN	NaN	NaN	10987.2705	NaN	NaN	NaN	11742.6777	NaN	12420.7695	NaN	NaN	NaN	NaN	NaN
4.4029	NaN	NaN	NaN	11295.75	NaN	NaN	NaN	NaN	NaN	NaN	NaN	NaN	NaN	NaN	NaN	NaN	NaN	NaN	NaN	NaN	11354.2217	NaN	NaN	NaN	NaN	NaN	11368.4551	NaN	NaN	NaN	NaN	NaN	NaN	NaN	NaN	11044.7002	NaN	11442.4678	NaN	NaN	NaN	NaN	NaN
4.5363	NaN	NaN	NaN	NaN	NaN	NaN	NaN	NaN	NaN	NaN	NaN	NaN	NaN	NaN	NaN	NaN	NaN	NaN	NaN	NaN	NaN	NaN	NaN	NaN	NaN	NaN	NaN	NaN	NaN	NaN	NaN	NaN	NaN	NaN	NaN	NaN	NaN	12207.0186	NaN	NaN	NaN	NaN	NaN
4.6698	NaN	NaN	NaN	NaN	NaN	NaN	NaN	NaN	NaN	NaN	NaN	NaN	NaN	NaN	NaN	NaN	NaN	NaN	NaN	NaN	NaN	NaN	NaN	NaN	NaN	NaN	NaN	NaN	NaN	NaN	NaN	NaN	NaN	NaN	NaN	NaN	NaN	11722.584	NaN	NaN	NaN	NaN	NaN
4.8032	NaN	NaN	NaN	NaN	NaN	NaN	NaN	NaN	NaN	NaN	NaN	NaN	NaN	NaN	NaN	NaN	NaN	NaN	NaN	NaN	NaN	NaN	NaN	NaN	NaN	NaN	NaN	NaN	NaN	NaN	NaN	NaN	NaN	NaN	NaN	NaN	NaN	NaN	NaN	NaN	NaN	NaN	NaN
4.9366	NaN	NaN	NaN	NaN	NaN	NaN	NaN	NaN	NaN	NaN	NaN	NaN	NaN	NaN	NaN	NaN	NaN	NaN	NaN	NaN	NaN	NaN	NaN	NaN	NaN	NaN	NaN	NaN	NaN	NaN	NaN	NaN	NaN	NaN	NaN	NaN	NaN	NaN	NaN	NaN	NaN	NaN	NaN
5.07	NaN	NaN	NaN	NaN	NaN	NaN	NaN	NaN	NaN	NaN	NaN	NaN	NaN	NaN	NaN	NaN	NaN	NaN	NaN	NaN	NaN	NaN	NaN	NaN	NaN	NaN	NaN	NaN	NaN	NaN	NaN	NaN	NaN	NaN	NaN	NaN	NaN	NaN	NaN	NaN	NaN	NaN	NaN
5.2035	NaN	NaN	NaN	NaN	NaN	NaN	NaN	NaN	NaN	NaN	NaN	NaN	NaN	NaN	NaN	NaN	NaN	NaN	NaN	NaN	NaN	NaN	NaN	NaN	NaN	NaN	NaN	NaN	NaN	NaN	NaN	NaN	NaN	NaN	NaN	NaN	NaN	NaN	NaN	NaN	NaN	NaN	NaN
5.3369	NaN	NaN	NaN	NaN	NaN	NaN	NaN	NaN	NaN	NaN	NaN	NaN	NaN	NaN	NaN	NaN	NaN	NaN	NaN	NaN	NaN	NaN	NaN	NaN	NaN	NaN	NaN	NaN	NaN	NaN	NaN	NaN	NaN	NaN	NaN	NaN	NaN	NaN	NaN	NaN	NaN	NaN	NaN
5.4703	NaN	NaN	NaN	NaN	NaN	NaN	NaN	NaN	NaN	NaN	NaN	NaN	NaN	NaN	NaN	NaN	NaN	NaN	NaN	NaN	NaN	NaN	NaN	NaN	NaN	NaN	NaN	NaN	NaN	NaN	NaN	NaN	NaN	NaN	NaN	NaN	NaN	NaN	NaN	NaN	NaN	NaN	NaN
5.6037	NaN	NaN	NaN	NaN	NaN	NaN	NaN	NaN	NaN	NaN	NaN	NaN	NaN	NaN	NaN	NaN	NaN	NaN	NaN	NaN	NaN	NaN	NaN	NaN	NaN	NaN	NaN	NaN	NaN	NaN	NaN	NaN	NaN	NaN	NaN	NaN	NaN	NaN	NaN	NaN	NaN	NaN	NaN
5.7371	NaN	NaN	NaN	NaN	NaN	NaN	NaN	NaN	NaN	NaN	NaN	NaN	NaN	NaN	NaN	NaN	NaN	NaN	NaN	NaN	NaN	NaN	NaN	NaN	NaN	NaN	NaN	NaN	NaN	NaN	NaN	NaN	NaN	NaN	NaN	NaN	NaN	NaN	NaN	NaN	NaN	NaN	NaN
5.8706	NaN	NaN	NaN	NaN	NaN	NaN	NaN	NaN	NaN	NaN	NaN	NaN	NaN	NaN	NaN	NaN	NaN	NaN	NaN	NaN	NaN	NaN	NaN	NaN	NaN	NaN	NaN	NaN	NaN	NaN	NaN	NaN	NaN	NaN	NaN	NaN	NaN	NaN	NaN	NaN	NaN	NaN	NaN
