x	Y_20181208_15693_1_11g	Y_20181208_15693_1_2g	Y_20181208_15693_1_3g	Y_20181208_15693_10_4g	Y_20181208_15693_13_11g	Y_20181208_15693_18_12g	Y_20181208_15693_18_1g	Y_20181208_15693_19_8g	Y_20181208_15693_5_6g	Y_20181208_15693_6_8g	Y_20181208_15693_7_7g	Y_20181208_15693_9_8g	Y_20181208_15693b_1_1g	Y_20181208_15693b_11_12g	Y_20181208_15693b_2_10g	Y_20181208_15693b_3_15g	Y_20181208_15693b_4_17g	Y_20181208_15693b_5_12g	Y_20181208_15693b_5_24g	Y_20181208_15693b_7_10g	Y_20181208_15693b_7_9g	Y_20181208_15693b_9_11g	Y_20181208_15693b_9_7g
0	31897.6914	27627.0195	30754.1191	27380.4883	32287.6875	30470.6504	32197.1523	32814.7852	29623.0078	32774.8242	30511.1582	32137.2832	27858.4941	31190.5039	25567.334	33102.0938	28326.9199	29852.8223	28339.7188	31575.2656	31398.5098	33119.0312	30216.0332
0.1334	32501.4473	26352.3555	31744.5898	27728.6973	32633.1074	32482.3066	31144.834	31977.7422	31764.9102	32335.8203	31346.8223	31818.7598	26378.7617	32777.6719	24155.0312	32441.2754	28044.25	32480.6621	28815.5918	31800.4395	31760.502	32871.8086	29407.9766
0.2668	32351.8164	26910.0508	30895.127	28339.6211	31656.8203	30822.5156	30597.334	32350.748	31040.2656	32441.1973	32156.5977	32126.584	26907.4609	31962.1738	25324.6641	32046.2305	28034.7891	32069.0371	28714.6406	31544.125	30293.5352	33382.2695	30435.3047
0.4003	32737.5586	26256.3438	29442.8887	26905.3457	30319.5195	30600.082	31099.8281	33678.3633	31067.9766	31741.6172	30838.9277	31387.5879	27502.1328	31841.5586	25770.9199	32835.3633	29179.7695	31658.1602	28631.6914	30016.0293	30131.4219	33630.4141	29531.707
0.5337	32779.6016	26859.0977	28252.959	26427.4121	31396.5957	30382.3594	30795.9629	32861.9492	31838.0625	31924.7656	30296.291	31135.0918	27457.6641	32282.0156	25626.6914	32467.8984	27811.4805	31378.4609	29147.0059	29950.9023	29754.584	33272.5781	29305.6953
0.6671	33464.3164	27289.4297	29775.5508	26215.3027	30919.5508	31286.2988	30405.4141	33531.7891	31049.7637	31760.3242	30195.3555	30080.0938	26630.3359	31430.2461	25610.4707	31698.9355	29093.2598	31780.6621	27983.0391	31463.5098	30380.3945	33204.6445	27244.9355
0.8005	32386.8828	28047.1797	30124.7715	27229.8438	29968.4668	30914.4043	30305.7598	34745.3242	32379.2344	32044.2637	30684.7207	30590.3535	27256.0547	30715.9824	25186.9551	31157.1445	30296.0742	31267.248	27713.4648	31593.6699	30529.3047	31580.9805	29149.9277
0.934	31397.6504	26067.5449	30905.502	27478.873	30269.3477	31172.8359	30791.8145	32880.9141	32742.4023	30625.0508	29271.3145	30879.2871	26784.2832	31181.7812	26437.9922	31845.0156	28024.1367	30824.9062	28994.002	32546.0645	29599.9258	31903.4434	29483.418
1.0674	32095.8203	24627.7715	29665.4512	27631.8945	30103.0293	31205.3223	32484.4004	32437.8262	31769.0098	29266.457	29467.7402	31641.3535	26255.0527	31410.8496	26551.7344	31908.9102	28024.9023	31229.3184	30036.8145	31281.627	30261.3164	31995.7305	29239.418
1.2008	31496.1543	25624.2969	29113.3398	27774.0293	30311.9727	32964.8672	30689.2832	34420.0234	32534.25	31295.916	29312.5312	31498.1777	27251.8809	30931.6191	25196.5215	32931.9297	28576.9297	31208.1484	30178.2812	31031.0312	30115.707	32857.2617	29288.5469
1.3342	31245.6348	26133.668	29989.0488	27977.5137	29978.6816	31807.1719	30925.3066	36243.2461	32237.5625	30671.4902	31818.793	30602.8223	27128.957	31150.0742	24143.0352	34652.8398	27514.2695	31903.6465	29738.5977	34719.832	31320.6328	33614.0586	29974.7305
1.4676	30032.4902	25961.9824	31194.8164	27275.8574	30068.0156	31516.9863	31674.6289	37120.7773	31310.1895	30243.5547	30460.9746	31299.3125	27187.2637	32195.3418	25789.7754	33011.9414	29287.0098	32805.9727	30063.2988	36536.6758	30769.5449	33302.4102	31930.207
1.6011	30744.7012	25457.5918	32372.9277	28220.9082	29840.459	32584.7695	31859.8203	37052.6523	31854.125	30082.5137	30842.9355	31049.5234	28744.6172	31193.1758	25265.834	34699.6016	29739.9004	34980.8398	30104.6562	44279.3047	33329.9297	34708.625	32941.793
1.7345	31857.4414	25226.916	33447.7656	28677.2207	31230.6699	32451.2734	32863.8711	38816.9961	32349.4121	31255.6367	35477.4961	31946.8086	30642.3828	32920.1562	26390.2695	36761.4922	32736.4102	38226.6953	31019.709	54319.707	34126.0352	35720.2656	32376.0879
1.8679	31011.0605	25800.752	38560.2891	31162.6953	33124.1445	32395.7734	35216.6836	46177.8555	32279.9062	33834.3242	47276.1953	33792.1914	36254.0391	33599.2031	27015.5898	40954.9453	40403.0938	44245.2383	32207.4512	62089.9922	38925.7188	35761.9062	35206.625
2.0013	31284.9395	25233.0723	43814.1484	34710.8672	37582.7109	34469.4023	37660.0234	63738.5898	31631.8438	33857.0898	63322.9805	36860.6875	47962.418	33390.1797	27915.707	52188.8359	51252.2266	60887.5234	37887.4414	70274.6719	48636.9453	36367.5938	39112.3477
2.1347	32099.7441	27616.3008	62186.8242	42381.4727	43351.4844	40253.7305	45862.293	97029.9609	33044.0273	37665.5742	71236.4844	40959.7031	52707.6172	32747.0527	29952.3984	71511.5312	54370.918	84493.8906	50902.4648	78567.7344	64982.6914	43751.2773	54904.125
2.2682	36134.7539	33983.8984	86167.1484	64804.4453	60563.4609	50331.043	65245.8789	102851.0938	32583.209	48558.9258	61716.3594	56224.5742	46619.6992	36246.7617	37898.0352	92503.7266	44308.6719	83536.1719	61185.9453	63792.0352	69204.9766	64412.9766	84146.0703
2.4016	40527.1133	45782.543	91085.4609	83475.6797	88878.7578	58689.8594	83051.9766	72966.0547	33906.0352	49194.1055	49539.0469	79484.875	38076.5273	41939.0742	52204.6367	80950.8828	35260.9023	60269.6445	58310.7109	43859.9102	54855.3164	104702.9609	95432.8359
2.535	53972.5117	74309.8906	67579.1094	73511.1406	101178.5234	52085.4609	75633.8203	51344.0547	35922.9336	42666.25	40533.5703	87457.3359	33498.4141	60859.1797	66264.3359	55738.1289	31921.7812	47190.0391	42848.8164	39594.9922	39311.9883	116529.2969	71849.7266
2.6684	87357.8203	96938.4844	47699.0469	54515.2383	74312.5469	41152.1602	53238.9961	45363.3203	38945.6641	37062.1289	35874.4102	64285.2031	30302.8887	78133.0703	60495.2461	42089.4141	30679.1895	42501.1797	35719.0117	36869.5	35000.3047	88376.7891	48431.1094
2.8019	99976.0078	84961.5781	36425.2109	40907.5195	48961.6133	36657.0547	40937.7422	54310.0391	42677.1797	41819.2773	33959.7383	45967.4688	28931.123	77977.3281	45866.1953	37297.8281	30558.4199	39094.0469	33448.582	38946.3867	33694.4141	60325.7461	36848.5039
2.9353	80819.3516	49993.6875	35266.8359	37424.7344	38616.3281	34770.5859	35572.4102	NaN	38192.3828	NaN	NaN	39576.1406	NaN	56134.7773	42837.1406	34536.082	30391.1699	36257.4531	31796.7461	38085.0547	NaN	43452.3359	32699.6641
3.0687	53747.2148	35849.8008	35160.0391	NaN	35344.3125	33302.7188	33851.2578	NaN	31737.8008	NaN	NaN	36775.4883	NaN	44168.2852	46604.793	34493.2539	NaN	34079.5781	29627.7598	36779.2578	NaN	37353.8125	33191.6328
3.2021	41276.1211	31809.3867	34255.7422	NaN	33399.8398	32688.832	31265.5664	NaN	30625.7539	NaN	NaN	34738.7852	NaN	38806.4492	NaN	NaN	NaN	NaN	30539.9805	NaN	NaN	35893.9805	32210.332
3.3355	37656.9531	29744.7441	34693.3203	NaN	32972.2852	32708.9414	31329.3477	NaN	32100.4727	NaN	NaN	NaN	NaN	36845.9648	NaN	NaN	NaN	NaN	NaN	NaN	NaN	35007.2109	NaN
3.469	33102.3086	28158.2402	35649.6445	NaN	34631.8164	NaN	31837.7969	NaN	NaN	NaN	NaN	NaN	NaN	36998.7734	NaN	NaN	NaN	NaN	NaN	NaN	NaN	NaN	NaN
3.6024	33639.3594	NaN	NaN	NaN	NaN	NaN	NaN	NaN	NaN	NaN	NaN	NaN	NaN	35921.3047	NaN	NaN	NaN	NaN	NaN	NaN	NaN	NaN	NaN
3.7358	35096.4375	NaN	NaN	NaN	NaN	NaN	NaN	NaN	NaN	NaN	NaN	NaN	NaN	NaN	NaN	NaN	NaN	NaN	NaN	NaN	NaN	NaN	NaN
3.8692	NaN	NaN	NaN	NaN	NaN	NaN	NaN	NaN	NaN	NaN	NaN	NaN	NaN	NaN	NaN	NaN	NaN	NaN	NaN	NaN	NaN	NaN	NaN
4.0027	NaN	NaN	NaN	NaN	NaN	NaN	NaN	NaN	NaN	NaN	NaN	NaN	NaN	NaN	NaN	NaN	NaN	NaN	NaN	NaN	NaN	NaN	NaN
4.1361	NaN	NaN	NaN	NaN	NaN	NaN	NaN	NaN	NaN	NaN	NaN	NaN	NaN	NaN	NaN	NaN	NaN	NaN	NaN	NaN	NaN	NaN	NaN
4.2695	NaN	NaN	NaN	NaN	NaN	NaN	NaN	NaN	NaN	NaN	NaN	NaN	NaN	NaN	NaN	NaN	NaN	NaN	NaN	NaN	NaN	NaN	NaN
4.4029	NaN	NaN	NaN	NaN	NaN	NaN	NaN	NaN	NaN	NaN	NaN	NaN	NaN	NaN	NaN	NaN	NaN	NaN	NaN	NaN	NaN	NaN	NaN
4.5363	NaN	NaN	NaN	NaN	NaN	NaN	NaN	NaN	NaN	NaN	NaN	NaN	NaN	NaN	NaN	NaN	NaN	NaN	NaN	NaN	NaN	NaN	NaN
4.6698	NaN	NaN	NaN	NaN	NaN	NaN	NaN	NaN	NaN	NaN	NaN	NaN	NaN	NaN	NaN	NaN	NaN	NaN	NaN	NaN	NaN	NaN	NaN
4.8032	NaN	NaN	NaN	NaN	NaN	NaN	NaN	NaN	NaN	NaN	NaN	NaN	NaN	NaN	NaN	NaN	NaN	NaN	NaN	NaN	NaN	NaN	NaN
4.9366	NaN	NaN	NaN	NaN	NaN	NaN	NaN	NaN	NaN	NaN	NaN	NaN	NaN	NaN	NaN	NaN	NaN	NaN	NaN	NaN	NaN	NaN	NaN
5.07	NaN	NaN	NaN	NaN	NaN	NaN	NaN	NaN	NaN	NaN	NaN	NaN	NaN	NaN	NaN	NaN	NaN	NaN	NaN	NaN	NaN	NaN	NaN
5.2035	NaN	NaN	NaN	NaN	NaN	NaN	NaN	NaN	NaN	NaN	NaN	NaN	NaN	NaN	NaN	NaN	NaN	NaN	NaN	NaN	NaN	NaN	NaN
5.3369	NaN	NaN	NaN	NaN	NaN	NaN	NaN	NaN	NaN	NaN	NaN	NaN	NaN	NaN	NaN	NaN	NaN	NaN	NaN	NaN	NaN	NaN	NaN
5.4703	NaN	NaN	NaN	NaN	NaN	NaN	NaN	NaN	NaN	NaN	NaN	NaN	NaN	NaN	NaN	NaN	NaN	NaN	NaN	NaN	NaN	NaN	NaN
5.6037	NaN	NaN	NaN	NaN	NaN	NaN	NaN	NaN	NaN	NaN	NaN	NaN	NaN	NaN	NaN	NaN	NaN	NaN	NaN	NaN	NaN	NaN	NaN
5.7371	NaN	NaN	NaN	NaN	NaN	NaN	NaN	NaN	NaN	NaN	NaN	NaN	NaN	NaN	NaN	NaN	NaN	NaN	NaN	NaN	NaN	NaN	NaN
5.8706	NaN	NaN	NaN	NaN	NaN	NaN	NaN	NaN	NaN	NaN	NaN	NaN	NaN	NaN	NaN	NaN	NaN	NaN	NaN	NaN	NaN	NaN	NaN
