x	Y_20181208_15693_1_6g	Y_20181208_15693_12_6g	Y_20181208_15693_3_9g	Y_20181208_15693_7_2g	Y_20181208_15693_9_11g	Y_20181208_15693b_11_14g	Y_20181208_15693b_11_4g	Y_20181208_15693b_12_6g	Y_20181208_15693b_13_6g	Y_20181208_15693b_5_25g	Y_20181208_15693b_8_16g	Y_20181208_15693b_9_15g	Y_20181208_15693b_9_1g
0	29334.7812	27977.3418	29421.4961	28053.7168	30318.9531	25799.4805	28143.9473	27668.8477	27760.5684	26078.8047	26602.916	27684.1953	28107.2598
0.1334	28735.3125	27494.1582	29268.3223	27489.1211	32186.5234	26756.7871	28512.3398	26669.5	27570.0859	27598.7891	29506.4863	28693.1875	27086.8906
0.2668	28615.0371	28169.5391	29788.6836	28408.5215	31494.9512	26729.8242	28798.6543	27792.8223	28037.7461	26597.7305	29330.6816	28180.1289	27485.1719
0.4003	29141.9043	28802.1816	30158.9785	28637.4746	30544.8184	27521.1934	29369.5625	28872.0215	27144.7207	27115.2441	28515.418	29864.1055	27408.3848
0.5337	29593.9922	27725.8379	29395.5879	29595.3203	32121.3867	28713.207	29429.0703	29581.9727	28941.0801	27299.1758	29168.9199	30474.293	27909.8105
0.6671	28547.4258	28640.6055	29881.1172	29008.3457	31957.7656	28901.002	26922.6953	29287.1934	28617.0762	25585.3672	27580.1973	29917.9102	27323.7715
0.8005	28972.8711	28654.3535	29015.6348	29739.5566	30728.498	28121.793	28650.2676	29059.3906	28398.7793	26096.2578	28779.3223	29129.0215	27267.707
0.934	29569.8008	30044.1836	28532.0879	29109.1562	29810.916	28712.8867	28394.7324	27410.1699	27753.502	26285.4492	29855.8223	29090.5801	29002.9609
1.0674	29613.3613	28868.3027	29073.3398	29333.9707	30732.9434	27331.2715	26695.166	27899.8652	27680.1641	27332.9609	28429.8906	28824.3477	28120.4062
1.2008	26807.1016	28371.9863	29699.2773	28235.7832	30451.1172	27667.998	27669.1445	26836.4395	27643.1152	27017.6875	28412.6309	27955.457	27139.2461
1.3342	27987.084	29368.5488	28830.0254	29626.9648	30151.9863	28063.9199	27933.0566	27666.8652	28484.5645	25759.1875	27553.9863	27542.0156	27911.0527
1.4676	28589.7871	28845.373	28924.209	28586.6367	29805.7949	28309.7715	28254.9473	28179.7793	28300.6152	26302.3301	25943.8711	27755.1484	27242.2285
1.6011	29019.6875	29432.7539	29641.582	29732.9492	29720.957	27622.4453	28012.1543	26492.8008	28860.7832	28040.4414	26808.7793	28588.8105	27142.9492
1.7345	27767.4824	30920.0449	30450.7832	30680.7168	30814.8008	28390.3672	27691.4414	26613.3398	29132.2559	28277.4785	26870.0801	28508.2383	28306.5762
1.8679	29339.1621	29893.9355	28934.3164	29896.9707	30785.1152	28789.8418	27027.7695	25927.2754	29847.1328	27327.623	28742.6992	28415.3105	28118.4062
2.0013	30024.7793	28734.0293	29106.8027	29571.207	32556.5078	27816.3359	25945.0254	27023.6523	30206.8301	26385.6211	28682.1602	29177.7793	28341.4297
2.1347	27717.1152	28613.7441	29773.1934	29652.6953	34013.668	28012.5391	27320.0527	27600.3242	28245.1133	26749.2402	28028.8965	28395.6094	29769.2891
2.2682	29360.8086	28465.6328	29948.0566	30914.9844	34892.7539	28293.9844	27679.7871	26893.8262	28149.5781	25950.7168	28332.6465	30310.5605	29409.7617
2.4016	29392.2383	29269.5918	30143.0703	30321.9922	36516.1406	28360.0957	29350.3711	28689.4785	27597.8047	26155.3125	30369.7578	30632.0586	30806.4688
2.535	29512.7266	31846.9102	30163.3047	33164.3711	35673.2773	29413.0625	29521.75	29231.5137	28169.3672	26876.418	31248.9668	29234.918	30699.3691
2.6684	29459.625	34615.8281	30360.748	37225.3516	39373.4375	30912.3965	29016.2832	29400.2969	29444.5918	26193.9531	31068.6367	29283.4199	34523.1875
2.8019	32682.5566	43854.4688	30883.1113	41188.1211	43410.6211	35065.0977	30197.748	31298.3809	30698.543	26731.1465	32777.6875	29918.334	43946.3477
2.9353	36944.8086	64670.2852	33032.5977	40439.3633	51972.1641	42980.2773	35093.1289	32742.1953	32361.7832	27915.9375	39508.1094	31838.6699	64139.6172
3.0687	49661.7148	81793.6875	35241.3398	39031.6289	52112.1367	58581.9219	41893.7148	40749.4023	40143.6172	31268.0879	54297.332	31919.4922	86036.6719
3.2021	72106.4219	74880.9219	38715.4023	45379.25	43254.2539	65046.2383	52316.6289	55457.7734	56311.4141	37518.0391	88613.6406	32632.3262	75711.7188
3.3355	93373.9141	51033.5703	43736.3555	49276.1758	35449.207	50500.1484	51484.3867	81783.1016	68370.4688	45220.4297	123854.1016	36362.5039	50780.2266
3.469	86238.0156	40137.0508	49034.5352	41801.375	33472.7656	37646.0625	41515.1172	85755.0078	58934.8867	51837.4258	109873.6953	46832.9766	37491.3438
3.6024	59619.8242	34559.3945	47794.375	34100.4844	32742.4844	32591.6094	32992.1328	61115.9062	43868.8438	42643.9453	71456.5547	62812.7188	30830.918
3.7358	42987.4844	32411.4121	42380.4141	31469.9414	31891.832	30847.6484	30007.6562	50104.8906	35295.5586	33287.8945	48282.5586	61296.8555	30527.3281
3.8692	36364.6719	31488.3516	38167.5273	31194.6836	NaN	30197.1758	28505.9453	54441.8008	32221.6035	28066.8457	39041.6719	47348.6914	29809.4746
4.0027	33506.2188	NaN	40035.3008	30071	NaN	28615.1172	28027.6191	NaN	30546.1816	28831.6328	35758.1211	37735.4648	27886.2754
4.1361	32278.1562	NaN	NaN	NaN	NaN	28572.2637	28465.5273	NaN	29697.9668	29474.5469	33925.6641	33187.1992	NaN
4.2695	30162.8066	NaN	NaN	NaN	NaN	28882.1914	26954.6172	NaN	30386.5391	26661.252	NaN	NaN	NaN
4.4029	29820.5977	NaN	NaN	NaN	NaN	NaN	27014.0215	NaN	NaN	28447.5	NaN	NaN	NaN
4.5363	NaN	NaN	NaN	NaN	NaN	NaN	NaN	NaN	NaN	NaN	NaN	NaN	NaN
4.6698	NaN	NaN	NaN	NaN	NaN	NaN	NaN	NaN	NaN	NaN	NaN	NaN	NaN
4.8032	NaN	NaN	NaN	NaN	NaN	NaN	NaN	NaN	NaN	NaN	NaN	NaN	NaN
4.9366	NaN	NaN	NaN	NaN	NaN	NaN	NaN	NaN	NaN	NaN	NaN	NaN	NaN
5.07	NaN	NaN	NaN	NaN	NaN	NaN	NaN	NaN	NaN	NaN	NaN	NaN	NaN
5.2035	NaN	NaN	NaN	NaN	NaN	NaN	NaN	NaN	NaN	NaN	NaN	NaN	NaN
5.3369	NaN	NaN	NaN	NaN	NaN	NaN	NaN	NaN	NaN	NaN	NaN	NaN	NaN
5.4703	NaN	NaN	NaN	NaN	NaN	NaN	NaN	NaN	NaN	NaN	NaN	NaN	NaN
5.6037	NaN	NaN	NaN	NaN	NaN	NaN	NaN	NaN	NaN	NaN	NaN	NaN	NaN
5.7371	NaN	NaN	NaN	NaN	NaN	NaN	NaN	NaN	NaN	NaN	NaN	NaN	NaN
5.8706	NaN	NaN	NaN	NaN	NaN	NaN	NaN	NaN	NaN	NaN	NaN	NaN	NaN
