x	Y_20181208_15693_10_11g	Y_20181208_15693_11_5g	Y_20181208_15693_12_8g	Y_20181208_15693_14_10g	Y_20181208_15693_14_11g	Y_20181208_15693_15_3g	Y_20181208_15693_17_5g	Y_20181208_15693_17_9g	Y_20181208_15693_18_2g	Y_20181208_15693_18_9g	Y_20181208_15693_4_1g	Y_20181208_15693_5_15g	Y_20181208_15693b_1_13g	Y_20181208_15693b_10_12g	Y_20181208_15693b_13_12g	Y_20181208_15693b_13_7g	Y_20181208_15693b_2_13g	Y_20181208_15693b_3_1g	Y_20181208_15693b_6_4g	Y_20181208_15693b_7_3g	Y_20181208_15693b_7_9g	Y_20181208_15693b_8_6g
0	10685.2383	10587.1143	9692.0205	9817.0137	10460.9502	12248.335	10942.3408	9580.7354	10994.1641	10709.5586	10368.8594	9272.2344	10650.0029	10405.6465	11289.8555	10848.3555	11507.2764	9239.1123	10446.0889	11058.1738	15730.8057	9934.7197
0.1334	12116.5068	12614.7031	10053.4102	10208.9326	11408.3662	14017.334	11412.3594	10242.1426	10130.708	11887.1699	13030.3438	9512.4404	10579.4004	11328.8721	11687.6299	11591.9912	13362.8213	9844.5625	11788.9502	12384.1104	17467.4023	10379.7549
0.2668	16005.6221	15377.9463	10716.917	10576.0283	13174.21	15231.1279	13981.8125	11423.3184	9773.8213	14132.6006	14050.3174	9369.8838	11651.5039	13786.1338	12837.6855	12853.1455	15693.2637	10817.6094	12762.2471	14455.917	16908.5859	10408.9922
0.4003	16455.6172	18445.418	11509.4219	10665.3789	15550.7178	15007.665	15396.9863	13724.3252	9973.1123	17629.7715	13040.9922	9356.9043	12890.2822	16380.4971	15065.9238	15289.3174	18774.5918	12751.9531	15383.8379	14800.1758	16124.2148	11313.3574
0.5337	17804.4297	19988.7441	12584.0674	11838.0176	15282.0654	14651.2793	16785.9258	15449.4473	11279.2705	18313.4805	12654.6074	9708.2031	14195.2803	16570.084	15223.9814	16634.7402	20403.7949	15297.4785	16633.4707	14069.4844	15621.3965	13278.1689
0.6671	18272.4688	19109.418	14285.8711	12477.2559	14251.8398	13909.1689	16688.6738	14538.1982	13202.1221	16338.3281	12536.6846	10489.5625	14187.5928	15052.8076	16149.6406	16086.9697	20798.0898	16041.8652	16103.7949	13788.9492	16566.668	14014.7266
0.8005	18028.0195	18002.5742	14280.0957	12105.1553	14374.2979	13793.0791	16475.6074	13999.0703	15165.5645	14455.4219	12064.6797	11699.7578	14959.9092	14305.1963	16437.8301	15996.9941	18196.0703	15231.8525	14093.3223	13139.0029	16569.2168	13944.1611
0.934	16991.6973	17214.7188	12940.7461	11814.0039	14131.3877	14119.8408	16018.0117	12758.8359	14818.1484	13532.6699	13244.4033	14493.6289	14496.1475	12309.8662	16287.7861	14610.7393	17895.0098	14197.7803	13400.4209	13792.3672	16387.3281	13665.1846
1.0674	16023.1914	17072.1191	12040.2744	11499.7959	14193.5322	13908.9424	15368.5654	12395.9385	14043.1201	13492.7842	13576.7334	16471.8711	15547.3369	12582.541	15496.792	15351.2812	16962.4258	13917.1631	13107.9688	14538.6807	14828.7676	13587.6035
1.2008	15688.1963	15488.002	11822.9258	12015.9541	15017.9893	13978.6768	16309.5947	12603.1162	14208.9678	14141.3291	13909.9053	15409.0645	16599.4961	13384.9932	15257.9404	14758.3076	16440.8496	13980.5352	13415.918	15162.6768	14045.6172	14588.627
1.3342	16080.4238	14871.2266	11378.7432	10862.8877	14181.9053	14644.3838	16912.4512	13339.3623	13170.5703	14465.2666	13371.7373	14898.9521	16774.5449	13830.6045	14785.4004	14602.8545	15876.5576	14268.3965	13283.4111	14556.2061	14477.915	15219.168
1.4676	17963.6465	14931.7188	12083.6055	11227.5537	13968.0273	14687.9717	16018.9248	13031.9883	13913.4795	14009.4922	13284.5498	13252.0166	15921.5879	14170.5947	13937.6318	14426.1406	15922.2803	14687.4033	14040.2686	15065.291	14310.168	16872.6191
1.6011	18118.5293	15703.6895	12251.666	12028.3887	14670.0508	14460.7168	15597.46	12854.5723	13958.8271	13715.1797	13029.5166	14911.1377	16106.96	13151.5957	14385.1758	13970.2686	15745.6016	13729.6768	15476.126	16012.9697	13285.5713	15167.3438
1.7345	17696.1602	15538.1318	12421.6982	12143.7148	15381.5215	14989.8857	15930.1396	12576.2393	15383.8398	14092.7344	12622.9287	14230.168	16268.9883	12888.0615	14209.5137	13167.9092	15837.6865	15031.1289	14780.5781	15899.918	13631.959	15743.1621
1.8679	16292.4795	15710.2578	12373.2441	13287.9629	15654.1934	15429.1748	15489.9658	12852.7959	13835.6885	13690.6592	12342.7744	13269.5244	15683.4414	13541.9619	13973.4766	12924.3174	14998.1553	14001.3008	15240.7822	15633.6475	13140.458	15475.1895
2.0013	16631.6914	16125.9482	12354.835	13128.6143	14969.8535	15189.6006	15600.9443	13814.7188	15395.833	13437.5576	12003.6621	12943.1533	15225.9844	15266.583	14555.2881	13311.8779	14870.8213	14897.0264	16281.8779	15787.9395	13390.5049	15857.3887
2.1347	15861.3838	15679.127	12204.8057	13088.1367	15103.8291	14019.7988	15467.1133	13933.3301	15243.6914	13037.876	11294.4258	13162.7354	15502.6406	16342.833	14009.6924	13755.0527	14221.709	15308.4229	16325.6035	14729.3965	12898.7529	16759.5762
2.2682	15790.623	14220.6045	11983.0518	13589.1709	14240.4404	13383.2617	14112.4395	13178.1729	14481.9551	12803.0039	11631.5674	12804.2432	16401.6875	16319.9355	13064.6289	14158.1777	14264.7139	14277.0254	16270.6514	14640.332	12674.4453	16291.8516
2.4016	14953.1484	14996.1387	12616.3477	13827.0293	13758.5312	13140.3184	13473.2969	12443.8594	14285.8477	12657.1416	11410.4336	12746.708	18323.1816	16809.7383	12717.3291	14847.3398	14946.7822	13837.5059	16524.7344	14763.2998	12318.2959	15702.7471
2.535	14440.873	13822.7539	11832.0674	14114.2891	13222.7822	13113.543	12773.3887	12516.1611	13484.3633	11876.084	11731.5771	12284.7314	20838.2598	14939.4336	12922.3867	13476.8828	13588.2676	13428.9473	16643.7305	15054.2354	12224.4873	15707.916
2.6684	13885.3789	14211.7061	11727.377	14209.5293	12799.6445	13397.5049	12272.2402	12254.6045	12785.6953	12087.2568	12079.4375	12009.9053	21367.2891	13877.4951	12348.0137	12711.8672	14005.9092	13049.459	17909.2363	14739.9521	12430.2578	14200.3105
2.8019	13603.3135	13834.9619	11945.3057	13992.6416	11625.4922	12088.5713	11754.0127	12153.5977	12586.6475	11687.0918	11908.5	12103.083	20794.2695	13278.3623	12404.6641	12615.8457	13712.6494	13261.3936	17700.8359	13177.3691	11999.9443	13873.9639
2.9353	13365.2207	13338.4268	11646.3926	13095.5742	11395.4619	11684.4873	11096.2217	11397.1016	12206.0254	11245.8262	11497.5518	12600.4238	18674.2852	12212.0674	12735.3574	12292.6504	13747.9902	13182.9492	14568.7646	12439.4189	12110.4102	13529.7119
3.0687	13030.7197	13165.1357	11488.3975	12612.1201	11188.499	11666.0479	11213.9023	11310.8066	11217.3252	11901.8252	11212.042	12772.9014	16951.0391	12529.8232	12497.7344	12261.1035	13536.6748	13129.4033	13353.1797	11219.0723	12187.0664	14111.1426
3.2021	12031.0908	12867.8418	11002.6309	11892.0723	10917.9541	11460.1104	12193.9463	11737.4658	11986.1689	11600.3682	NaN	12370.9473	15354.1885	12038.0645	11863.1611	12260.7568	14081.7725	12791.6123	12051.9199	11669.4688	12233.2842	13381.3408
3.3355	11301.8906	12869.2002	11260.5391	11341.9785	10845.8643	10649.7412	12184.2529	11826.835	11549.1787	11407.8281	NaN	12775.1572	14150.248	11438.0322	NaN	12046.9746	14091.083	12306.7842	11934.2529	10966.8906	NaN	13388.96
3.469	11002.5303	12543.165	11513.5059	11660.1318	10478.2393	NaN	12263.5527	11306.2734	11771.0518	12009.0596	NaN	12026.2441	13386.2363	11147.2734	NaN	11922.6904	NaN	12037.3604	11771.9385	11007.5762	NaN	12338.0186
3.6024	10186.1895	NaN	NaN	NaN	NaN	NaN	12581.8477	NaN	12391.3662	10949.5059	NaN	11562.0762	13494.8359	NaN	NaN	12207.2227	NaN	12231.0449	11537.7393	10897.3701	NaN	12441.6719
3.7358	10210.1182	NaN	NaN	NaN	NaN	NaN	12538.1162	NaN	NaN	11224.7998	NaN	11180.5732	NaN	NaN	NaN	NaN	NaN	NaN	NaN	10907.5576	NaN	12163.9385
3.8692	NaN	NaN	NaN	NaN	NaN	NaN	12431.9717	NaN	NaN	11135.5283	NaN	11810.7354	NaN	NaN	NaN	NaN	NaN	NaN	NaN	NaN	NaN	12584.1709
4.0027	NaN	NaN	NaN	NaN	NaN	NaN	NaN	NaN	NaN	NaN	NaN	11056.3564	NaN	NaN	NaN	NaN	NaN	NaN	NaN	NaN	NaN	12832.2129
4.1361	NaN	NaN	NaN	NaN	NaN	NaN	NaN	NaN	NaN	NaN	NaN	NaN	NaN	NaN	NaN	NaN	NaN	NaN	NaN	NaN	NaN	11607.7158
4.2695	NaN	NaN	NaN	NaN	NaN	NaN	NaN	NaN	NaN	NaN	NaN	NaN	NaN	NaN	NaN	NaN	NaN	NaN	NaN	NaN	NaN	11655.6367
4.4029	NaN	NaN	NaN	NaN	NaN	NaN	NaN	NaN	NaN	NaN	NaN	NaN	NaN	NaN	NaN	NaN	NaN	NaN	NaN	NaN	NaN	12201.5273
4.5363	NaN	NaN	NaN	NaN	NaN	NaN	NaN	NaN	NaN	NaN	NaN	NaN	NaN	NaN	NaN	NaN	NaN	NaN	NaN	NaN	NaN	NaN
4.6698	NaN	NaN	NaN	NaN	NaN	NaN	NaN	NaN	NaN	NaN	NaN	NaN	NaN	NaN	NaN	NaN	NaN	NaN	NaN	NaN	NaN	NaN
4.8032	NaN	NaN	NaN	NaN	NaN	NaN	NaN	NaN	NaN	NaN	NaN	NaN	NaN	NaN	NaN	NaN	NaN	NaN	NaN	NaN	NaN	NaN
4.9366	NaN	NaN	NaN	NaN	NaN	NaN	NaN	NaN	NaN	NaN	NaN	NaN	NaN	NaN	NaN	NaN	NaN	NaN	NaN	NaN	NaN	NaN
5.07	NaN	NaN	NaN	NaN	NaN	NaN	NaN	NaN	NaN	NaN	NaN	NaN	NaN	NaN	NaN	NaN	NaN	NaN	NaN	NaN	NaN	NaN
5.2035	NaN	NaN	NaN	NaN	NaN	NaN	NaN	NaN	NaN	NaN	NaN	NaN	NaN	NaN	NaN	NaN	NaN	NaN	NaN	NaN	NaN	NaN
5.3369	NaN	NaN	NaN	NaN	NaN	NaN	NaN	NaN	NaN	NaN	NaN	NaN	NaN	NaN	NaN	NaN	NaN	NaN	NaN	NaN	NaN	NaN
5.4703	NaN	NaN	NaN	NaN	NaN	NaN	NaN	NaN	NaN	NaN	NaN	NaN	NaN	NaN	NaN	NaN	NaN	NaN	NaN	NaN	NaN	NaN
5.6037	NaN	NaN	NaN	NaN	NaN	NaN	NaN	NaN	NaN	NaN	NaN	NaN	NaN	NaN	NaN	NaN	NaN	NaN	NaN	NaN	NaN	NaN
