x	Y_20181208_15693_1_6g	Y_20181208_15693_12_6g	Y_20181208_15693_17_4g	Y_20181208_15693_3_8g	Y_20181208_15693_3_9g	Y_20181208_15693_7_2g	Y_20181208_15693_8_10g	Y_20181208_15693_8_1g	Y_20181208_15693_9_11g	Y_20181208_15693_9_15g	Y_20181208_15693b_11_14g	Y_20181208_15693b_11_4g	Y_20181208_15693b_11_7g	Y_20181208_15693b_12_6g	Y_20181208_15693b_12_9g	Y_20181208_15693b_13_5g	Y_20181208_15693b_13_6g	Y_20181208_15693b_5_25g	Y_20181208_15693b_5_8g	Y_20181208_15693b_6_9g	Y_20181208_15693b_8_16g	Y_20181208_15693b_9_15g	Y_20181208_15693b_9_1g
0	9833.4414	11874.1895	12516.1572	12086.3311	10079.8525	10484.1631	11200.6699	10252.5586	10400.3047	11588.1016	10274.8096	13068.4434	11700.585	11451.3643	10594.415	10260.2578	10668.6348	10725.1729	12621.457	9142.6152	11808.0205	10609.167	11511.7412
0.1334	10302.2803	13165.2354	14488.3145	12315.7734	10285.2227	11865.4756	12040.5459	11817.707	11845.5918	12708.7393	11282.502	13577.835	13120.709	11387.4316	10984.8486	10102.2793	11855.083	11038.6758	13363.6709	8957.1191	11366.8643	10706.4893	12761.9707
0.2668	11034.4717	15837.2461	17149.2305	13208.9414	10507.6621	13898.7607	14039.6875	14458.6182	14252.9248	14232.0703	14172.3398	15898.6992	15395.5811	11928.0557	11507.1494	10361.6895	13545.9453	12155.0176	14022.207	9222.1074	12298.3447	11366.7305	15947.3486
0.4003	13389.4502	19086.2559	20193.3652	14507.2539	10735.7939	16914.2754	17975.7559	18474.2324	16274.0723	15298.8008	17781.1875	18876.6426	17423.3418	12764.8926	12782.2549	11085.1143	16016.0947	13387.2832	15159.6426	9462.3408	14490.1104	11588.4111	18328.5098
0.5337	16600.0059	18543.3555	22464.7656	15601.4395	11099.415	18856.7969	20767.9102	19673.0996	16268.5264	15278.4854	18754.373	23015.2969	17229.791	14565.5537	12501.1406	12113.8506	18206.3223	16095.2363	17795.9062	11201.9355	17111.2852	12394.877	16750.5684
0.6671	18906.6914	20001.9668	21923.4688	17027.1934	12477.5352	19311.7832	19766.877	18710.8301	15860.8555	14918.7734	16982.5605	20738.7832	15151.0977	15376.5625	14112.5684	15220.6631	20254.5098	17687.8184	20019.6797	14761.5928	18234.1035	13388.1152	14300.8057
0.8005	16184.6504	18727.459	20012.7344	17497.459	13359.1641	16576.8242	18690.4941	19316.6426	15089.9404	14604.7402	15578.7432	18853.8047	14177.96	15757.1709	15631.4395	19770.5371	18904.6641	17939.0332	19330.7207	19348.1133	15874.4346	14960.7373	13743.7969
0.934	14345.9766	17036.7754	18756.4141	16142.8379	13095.3271	15443.4863	16448.002	18902.7812	14890.7998	15293.46	13958.0186	17829.7441	13219.0938	15174.6768	16060.4434	19615.668	18080.166	15810.2383	16819.252	20684.8691	13868.748	15694.6289	13766.6787
1.0674	13754.5342	16692.5859	17613.5703	15162.2422	12180.4258	13754.1416	15434.7178	19164.7012	14015.7842	14230.5361	13956.4189	16051.3848	12622.2354	13617.9482	14780.875	15308.7061	17830.2422	15076.4033	15868.3613	19649.4238	12923.8154	14654.6309	14133.7324
1.2008	13812.6338	15597.9248	17811.1035	14750.6074	12582.0879	12920.5928	15002.6729	18214.4707	12812.1006	14547.1699	14360.0264	15312.0986	13528.4551	13309.4932	14077.3457	13539.1729	16861.8789	14036.5928	14966.9336	17846.4941	11999.501	13463.2363	14002.8174
1.3342	13792.6035	15078.2725	19423.4102	14690.0781	12192.1494	14070.1318	16209.9863	17850.6309	12964.2471	13643.1318	14260.3301	14802.1973	14282.0918	12677.6055	13776.4062	12946.7676	17956.4805	14098.1709	14782.9814	15995.4258	12166.9443	12152.4658	13815.417
1.4676	13860.8809	14480.8906	21840.1348	14207.5732	12889.6885	14130.3984	17472.7891	17406.4609	12415.2178	13454.4385	14247.8584	14517.5449	13604.6309	12643.251	13525.4512	12203.5322	17031.4023	13520.3184	14876.6885	15607.0596	11938.1191	12237.498	12983.0381
1.6011	14643.2881	14231.165	22225.4883	14420.3994	13654.8857	13105.8359	17469.543	16799.1582	12455.0771	12474.3223	14315.5645	14388.707	12980.7324	12515.9766	12658.3867	12334.335	16684.748	12087.5605	14447.4014	14726.0693	11464.9062	11699.0635	12178.0195
1.7345	14230.0576	15305.2793	20631.2402	13982.7031	12712.2754	12452.5684	16864.6738	15868.6348	12337.208	13367.6035	14497.3271	13296.4424	12612.1211	12540.5342	12978.9121	12444.9922	16829.3867	11566.4922	14666.333	14346.6885	11157.4609	11816.8516	12853.9648
1.8679	13648.3994	14932.5049	20058.7012	14303.6006	13214.2275	13986.2383	18833.9023	15725.1885	12920.9639	13246.1514	15421.6729	13462.2881	12353.873	12326.0361	12725.6572	12099.5518	16176.8877	11185.8555	13846.6934	15329.9219	12378.7266	11839.0664	13806.2451
2.0013	13977.9355	13562.4639	20584.7129	13453.0322	13272.7656	13080.0693	19572.1328	15170.6641	15239.624	13175.7393	14768.3115	12076.5459	11820.4258	12517.5244	12188.9014	12368.2559	15046.2051	10704.3623	13817.001	14147.0703	12469.5322	11908.209	13281.9473
2.1347	13486.6914	13210.4229	20518.8457	14429.3564	12536.3994	12961.1182	18413.4062	14713.1328	15237.3613	13425.3164	13967.1738	13201.584	11833.1689	12913.6064	11592.3164	13063.751	15117.377	11434.376	13844.957	14076.1982	12124.291	12460.7295	12512.7148
2.2682	13384.7451	12897.4424	19581.6523	13771.5459	12994.8359	12402.9395	16511.5977	14638.5635	15738.0869	14836.0938	14247.5371	14118.4541	11935.5771	12937.6865	11316.1777	12516.4004	14938.1396	11310.9072	15024.7812	13737.5498	11521.6543	13020.8574	13209.7002
2.4016	13827.2393	11896.4014	18243.0391	13041.6445	13528.6182	13259.874	15935.1787	14503.0879	15098.1172	15140.3662	14888.002	13692.7744	11348.4502	12670.5059	11042.2246	12552.5176	14453.2246	11841.9482	15476.083	13482.6299	11787.751	14493.1943	14335.5381
2.535	14083.8086	11392.8428	17465.6758	12764.6777	13279.7275	14117.1406	13840.9619	14081.9824	13846.2412	15292.9805	14007.582	14945.2607	11263.7998	12678.9248	11457.8721	12608.8105	14642.5801	13852.5342	15974.1328	12744.7793	13228.2559	14367.9482	15202.709
2.6684	13390.04	11050.4375	16295.4326	15252.0967	13135.543	14173.6484	11982.4219	13892.9326	14246.3584	15743.9102	12364.7061	15112.4443	11166.1621	12545.6787	11718.1162	12676.4707	13834.5342	13505.5518	15897.3848	12311.2812	13634.0723	14001.1953	15159.4512
2.8019	14254.7217	11941.0762	15125.915	16679.127	13972.2461	13526.8037	12332.2549	12371.5605	14489.6611	15828.4307	12192.4824	14594.9072	11323.9219	12843.3564	12377.8965	12866.9502	13705.6885	12033.5918	15251.292	12443.7783	13695.1133	13295.5352	14608.8086
2.9353	13326.7627	11905.6787	14604.8369	16228.8271	14240.7363	14692.1768	12262.7773	12572.2178	14104.3184	15101.6689	12533.9316	14316.1113	11591.6064	13409.3574	12449.3232	13090.0195	13678.1602	11131.3457	14572.5898	13211.4854	12381.3301	13446.1982	13163.0176
3.0687	13256.3096	11751.6875	13079.1797	15020.5645	14033.8125	13775.3721	14072.7568	12658.2461	13203.6602	13730.4082	11874.0752	12826.9492	11725.4297	11887.9727	12369.1572	13455.1943	13980.8301	10895.2148	14065.6758	14920.0625	12494.6768	14820.1562	12619.1221
3.2021	12636.5879	11596.3203	12319.25	13593.8672	13283.1904	14309.958	13487.9102	12510.2588	12734.7354	13931.9512	11183.3018	12888.1885	11674.3271	11968.874	13279.0068	13613.8936	12386.5391	11753.4531	13529.7734	15859.7715	12033.5273	14013.5264	12195.1699
3.3355	12509.6572	11263.9961	11361.1299	13114.3555	13183.3994	14125.707	13386.665	12281.0527	13260.1582	13395.0127	11162.3516	11830.2754	12115.71	12384.4873	14208.0859	13795.498	13066.418	11510.9258	12644.7207	15968.4043	11872.6953	13696.1729	12075.7236
3.469	12522.1006	11717.6172	11437.3271	12887.5488	12761.7842	12860.9277	12805.5322	11125.6611	11973.0234	12225.1777	10906.9727	11311.9355	11131.6543	12270.3408	14024.4854	14302.9678	12737.0986	11467.46	12729.168	16164.2607	11227.1377	13854.8789	12937.7012
3.6024	12076.0039	11485.3232	12181.0498	13721.5029	12766.3184	13410.1035	11636.7842	10547.8203	11731.3955	12999.8379	11594.5361	11744.2461	11738.2295	11660.8662	14208.1562	13229.415	12229.3154	11392.2822	12668.1416	17359.4746	10639.5264	13437.9424	12335.3496
3.7358	12653.1172	11899.1602	11756.0996	11959.1582	12242.8711	13423.5781	11856.0879	10754.8242	12251.8525	12835.8721	12432.3809	11014.2051	12049.7598	11274.8945	12924.1436	12572.7588	12554.6436	11417.3369	12134.3047	17005.7891	11217.6475	12427.1836	12006.9385
3.8692	12483.2871	11847.5186	12035.2363	12034.7158	12687.3223	13440.2666	12073.457	10858.9424	NaN	12771.6006	11911.9102	11443.8125	NaN	11390.4375	12628.7725	12020.2129	11840.0342	11718.2129	12250.1533	16813.5449	10611.2822	11691.0801	12319.9043
4.0027	12361.3369	NaN	13031.9043	11841.5332	12486.4561	13287.7002	11517.2832	10682.1387	NaN	13561.1201	11735.0225	10962.1729	NaN	NaN	12257.7812	11797.2832	10664.8838	11261.3145	12407.9541	14798.9775	11040.2949	11311.3975	11777.623
4.1361	12226.4004	NaN	NaN	11464.6162	NaN	NaN	11448.624	NaN	NaN	11931.0068	12025.2041	11427.4639	NaN	NaN	12163.4912	11717.4121	10875.4355	11657.3066	11563.209	13276.4561	10887.8828	11363.8145	NaN
4.2695	11536.2998	NaN	NaN	12061.9141	NaN	NaN	11988.5547	NaN	NaN	NaN	12272.7451	11064.1172	NaN	NaN	12070.2549	11401.9834	10987.2705	11742.6777	11589.7842	NaN	NaN	NaN	NaN
4.4029	11295.75	NaN	NaN	NaN	NaN	NaN	NaN	NaN	NaN	NaN	NaN	11368.4551	NaN	NaN	12383.416	11094.6191	NaN	11044.7002	NaN	NaN	NaN	NaN	NaN
4.5363	NaN	NaN	NaN	NaN	NaN	NaN	NaN	NaN	NaN	NaN	NaN	NaN	NaN	NaN	12129.4941	11645.6084	NaN	NaN	NaN	NaN	NaN	NaN	NaN
4.6698	NaN	NaN	NaN	NaN	NaN	NaN	NaN	NaN	NaN	NaN	NaN	NaN	NaN	NaN	12502.3711	11642.2246	NaN	NaN	NaN	NaN	NaN	NaN	NaN
4.8032	NaN	NaN	NaN	NaN	NaN	NaN	NaN	NaN	NaN	NaN	NaN	NaN	NaN	NaN	NaN	11631.2383	NaN	NaN	NaN	NaN	NaN	NaN	NaN
4.9366	NaN	NaN	NaN	NaN	NaN	NaN	NaN	NaN	NaN	NaN	NaN	NaN	NaN	NaN	NaN	11326.1201	NaN	NaN	NaN	NaN	NaN	NaN	NaN
5.07	NaN	NaN	NaN	NaN	NaN	NaN	NaN	NaN	NaN	NaN	NaN	NaN	NaN	NaN	NaN	NaN	NaN	NaN	NaN	NaN	NaN	NaN	NaN
5.2035	NaN	NaN	NaN	NaN	NaN	NaN	NaN	NaN	NaN	NaN	NaN	NaN	NaN	NaN	NaN	NaN	NaN	NaN	NaN	NaN	NaN	NaN	NaN
5.3369	NaN	NaN	NaN	NaN	NaN	NaN	NaN	NaN	NaN	NaN	NaN	NaN	NaN	NaN	NaN	NaN	NaN	NaN	NaN	NaN	NaN	NaN	NaN
5.4703	NaN	NaN	NaN	NaN	NaN	NaN	NaN	NaN	NaN	NaN	NaN	NaN	NaN	NaN	NaN	NaN	NaN	NaN	NaN	NaN	NaN	NaN	NaN
5.6037	NaN	NaN	NaN	NaN	NaN	NaN	NaN	NaN	NaN	NaN	NaN	NaN	NaN	NaN	NaN	NaN	NaN	NaN	NaN	NaN	NaN	NaN	NaN
5.7371	NaN	NaN	NaN	NaN	NaN	NaN	NaN	NaN	NaN	NaN	NaN	NaN	NaN	NaN	NaN	NaN	NaN	NaN	NaN	NaN	NaN	NaN	NaN
5.8706	NaN	NaN	NaN	NaN	NaN	NaN	NaN	NaN	NaN	NaN	NaN	NaN	NaN	NaN	NaN	NaN	NaN	NaN	NaN	NaN	NaN	NaN	NaN
