x	Y_20181208_15693_10_11g	Y_20181208_15693_10_1g	Y_20181208_15693_10_7g	Y_20181208_15693_11_2g	Y_20181208_15693_11_4g	Y_20181208_15693_14_10g	Y_20181208_15693_14_8g	Y_20181208_15693_15_13g	Y_20181208_15693_15_14g	Y_20181208_15693_17_3g	Y_20181208_15693_18_5g	Y_20181208_15693_19_6g	Y_20181208_15693_20_2g	Y_20181208_15693_5_10g	Y_20181208_15693_7_3g	Y_20181208_15693_8_6g	Y_20181208_15693_9_3g	Y_20181208_15693_9_9g	Y_20181208_15693b_10_11g	Y_20181208_15693b_10_14g	Y_20181208_15693b_10_6g	Y_20181208_15693b_11_15g	Y_20181208_15693b_2_6g	Y_20181208_15693b_3_14g	Y_20181208_15693b_3_16g	Y_20181208_15693b_3_3g	Y_20181208_15693b_5_10g	Y_20181208_15693b_5_13g	Y_20181208_15693b_5_2g	Y_20181208_15693b_6_3g	Y_20181208_15693b_7_15g	Y_20181208_15693b_8_12g	Y_20181208_15693b_8_20g	Y_20181208_15693b_8_30g	Y_20181208_15693b_9_13g
0	11630.3633	11689.8662	9840.627	12095.1904	12110.8721	10979.7666	15604.8379	11150.9355	12013.1562	11668.8984	10796.4609	12145.5273	12493.75	12189.8721	14927.1748	10835.7559	11439.4531	13352.7246	12143.6514	12132.3076	11206.2148	11127.1387	12314.6367	11764.7861	11178.5977	10635.5234	12153.9609	14888.6924	11852.5791	12142.168	11147.5098	13207.4277	11118.0947	11019.5557	11240.0342
0.1334	12888.2764	11764.1475	9841.9346	13470.5127	14144.2754	12574.0908	17951.4766	11946.375	11535.585	13725.6084	11199.2207	13043.0273	14024.4688	13151.1846	17675.6953	11013.2305	11596.5801	13702.335	12143.958	14012.8643	11502.9102	11660.0068	14275.166	11331.3311	11145.7969	11112.2725	14613.1953	15329.7725	11650.3262	13636.666	13086.7031	13920.2402	12135.7695	11755.4277	11724.9639
0.2668	14613.7354	12097.6738	10170.7412	14608.1279	16538.7891	13640.8613	15378.4658	12454.832	12373.2432	17193.3008	11336.1094	15615.3418	15823.8672	15304.9531	19263.8926	12265.0547	12986.9287	15860.3076	12848.085	15722.0283	11800.2461	12077.3105	14805.959	11267.4551	12079.1387	12798.292	16267.9697	15007.0273	11743.3389	15514.6338	15615.8535	15961.5674	12197.5547	14469.5342	12024.1465
0.4003	17366.7441	12420.3428	10305.6846	17512.1406	18999.7695	13229.5957	12722.2373	13740.1494	13252.5557	21277.3262	13009.0615	18366.7871	19020.0898	17585.127	16772.5508	13976.8047	15062.21	19941.457	13816.7129	19356.209	13726.209	12499.9697	11909.377	12164.2021	13038.9189	14847.5645	16465.0176	15625.3467	12855.3291	15892.6787	17468.5078	16771.2637	13488.7529	16404.084	14790.9404
0.5337	18451.1895	14351.5117	10497.8125	17611.2871	17903.7969	13233.9248	13489.8477	15923.8193	14294.8271	20578.4414	13892.5391	18826.9102	18132.9727	16832.8164	13737.0479	16271.8232	14976.3018	19702.7285	14914.6533	22522.8379	16799.127	13967.4727	11229.2529	13830.0566	14325.6172	16132.7422	15330.6797	19542.9766	14869.4092	16754.5273	17747.1191	15165.6699	14119.4473	15002.6729	16730.9297
0.6671	16213.5078	15089.7031	10331.4014	16918.9492	16660.7754	12456.8242	14940.5498	16176.0459	14304.1221	16303.9082	15336.9717	16248.8076	16172.8799	14371.6406	12147.1104	15420.7432	13043.5273	18080.6797	14042.1436	21892.8633	17677.2402	13696.334	11310.0176	15088.4795	14365.9121	14678.7451	14261.5527	22717.4473	17222.6523	16549.998	16246.0537	12934.4756	13745.9424	13208.5137	18012.877
0.8005	14658.4102	14821.1289	10800.373	15708.4004	15603.1357	12591.748	15464.3643	16242.0791	12006.6475	15043.3799	13917.7598	15362.6777	16302.8955	13303.665	11604.29	14777.5215	11307.4375	17164.3477	13931.4482	18139.8398	14510.21	12320.3047	10846.1084	14543.3379	14170.4033	13197.3467	13564.9043	23251.1172	15579.7422	14301.4365	15699.0068	12591.3848	13715.291	12092.1162	16965.2598
0.934	13335.2617	13816.2383	10503.7988	14379.0107	15298.8027	12843.1748	14447.6279	16305.9512	11624.7246	14985.9326	14249.2744	14955.8398	15657.4678	13863.7734	12217.6338	14036.0391	10968.5312	16186.6104	12806.7637	16179.6377	13426.6055	11388.5381	10861.6855	13746.1279	14316.0508	12063.0801	14374.0645	20264	15172.2539	13194.6895	16039.3232	12942.2656	12975.5576	11701.335	15273.376
1.0674	13427.4951	13432.2715	10581.5273	13956.9307	14200.041	13291.501	14169.3389	16503.5977	10889.0859	14219.5664	14607.6406	14450.0674	15247.0986	14503.873	11781.6348	13467.2129	10936.5566	15065.5225	13412.5508	15396.4541	12878.1475	11117.5498	11837.874	12758.8652	13492.9434	12123.3818	14213.7314	16566.7871	13576.2188	13406.3223	16518.6387	12426.3291	13088.7158	11234.5684	14787.8584
1.2008	14216.0986	13740.5791	10658.3184	12721.1963	12253.2109	12989.2861	14013.0586	16338.1748	10723.0498	13806.7578	15552.8682	14571.8223	14771.2363	13266.7354	12221.0303	13323.7881	10974.3877	15435.1621	13494.5752	14041.9551	12629.9766	10981.916	11650.3555	12292.0811	12827.9922	12172.085	14373.8975	15679.6934	13469.9707	13556.8545	15817.6611	12265.6777	12315.8994	11461.9756	15980.8467
1.3342	15687.5234	13935.7363	10557.6328	12738.5303	11036.6045	12212.2383	12089.6455	15661.3193	10952.1582	13886.3848	17748.084	16435.4043	14433.4082	13274.2559	11908.5801	12330.6641	10239.1357	15857.0566	13096.4307	12860.0605	12070.7002	10649.9834	11193.7373	11505.1416	13007.5918	12556.7295	14297.2461	14767.8164	14389.3643	12783.4678	15208.0479	13088.5146	12147.8994	11420.8242	16301.0664
1.4676	16201.8486	13586.6357	11181.04	12824.4268	11105.8516	12256.5195	11919.3379	15135.8516	11105.9502	12906.2744	18123.6016	17711.0254	13245.8115	11645.9443	11715.3086	12557.5146	11121.9482	16224.5078	13677.2061	13167.3701	12665.2842	10924.6172	11447.7471	11888.4805	12656.8213	13627.7344	13034.2842	14601.6924	13504.5586	13645.3057	15000.543	12091.1484	12374.5459	11613.1709	16110.873
1.6011	16488.7305	13510.3701	11617.5547	14156.1367	10751.2422	11852.0693	11923.583	15389.1221	10736.4023	12698.666	16550.6758	18752.25	12646.0986	11393.0947	11478.6436	11793.4893	10671.9395	14963.6074	12898.499	13313.7295	12128.0508	11295.1875	10339.1055	11381.8613	12906.4365	14885.9473	12142.8535	13384.8174	13262.9609	14925.0264	14232.4326	12435.4609	12774.7363	11401.3223	15867.3281
1.7345	16028.4229	13883.5146	11628.9121	14109.9961	11314.6934	10737.6562	11946.3252	14669.5859	11280.5264	11640.3887	14824.2393	17211.2129	11918.708	11177.6514	11232.4912	11143.0391	10417.8359	13973.5186	12644.3604	13282.5752	12184.0273	12098.7861	10664.4297	10769.8281	13373.1875	14104.4922	11357.2598	13282.5762	12410.9316	13812.1455	12966.5449	12637.4814	13357.9414	11430.1748	15143.7051
1.8679	14261.3594	12711.5508	10953.5283	13260.0391	10890.7529	11266.1436	12254.4648	14108.0088	11370.8066	11316.3779	13583.5889	15943.0576	12099.8135	11053.3066	11099.6787	10926.0459	10402.1113	12107.8779	12183.3213	12867.9092	12545.7441	12402.6846	11088.4961	10713.208	13872.6045	13840.1348	11356.0088	13377.2705	12379.2275	13143.7725	12578.501	12922.7783	12611.7363	11453.2168	13502.2881
2.0013	14148.5117	12408.752	10371.6797	12422.5801	11199.4443	11435.6533	12026.7627	13805.7861	11116.7451	10990.335	13837.9863	14735.6475	12129.4521	11129.3838	10563.5459	11071.1084	11181.9727	11968.4307	12241.1641	12788.9736	12726.0596	12184.7998	10942.2139	10912.9854	12735.624	13226.21	11165.2432	13150.5166	11941.7686	13319.124	11769.5449	12517.1074	12334.001	11099.959	12865.1592
2.1347	13592.8682	12405.2158	10556.9121	12650.5967	11295.5977	11482.6709	NaN	13038.0312	10876.2539	11052.79	13137.4658	13548.9453	12215.0166	11454.375	10589.416	11485	11283.7744	11951.874	12013.8418	12513.3652	12027.3574	11861.3389	11208.4385	11082.3281	12869.9658	12301.1836	11140.3115	13666.3955	11883.4453	13672.2764	11196.373	12664.8457	12524.5459	10534.498	12163.585
2.2682	13245.666	12460.4424	10830.4424	12893.5645	11345.0117	11785.3926	NaN	12272.7275	11774.0127	11294.8057	12618.4395	12520.0762	NaN	11143.874	10522.2188	10649.4121	10823.1465	11866.1182	12895.9434	11919.7412	11999.5439	11788.4941	10879.7373	10230.6895	12829.2549	12361.1387	10899.4277	13179.1494	11680.8672	12530.9121	11374.3164	12907.6582	12357.9883	10253.6963	12066.1504
2.4016	13485.8184	11706.1172	10548.4121	12818.5898	11356.1611	NaN	NaN	11383.5273	12002.8486	12256.6807	12150.749	12100.5879	NaN	12022.7979	10137.2598	10535.8096	10578.9941	11579.0771	11990.2998	NaN	11509.0908	11857.7617	10296.2793	10476.1836	13131.7334	12278.6094	10910.2178	NaN	11578.623	12599.8271	11078.9336	13631.957	11925.7686	10659.5049	12229.5391
2.535	13195.4072	11753.2393	NaN	12001.8535	11987.7451	NaN	NaN	11766.8936	12529.7393	12356.3818	12021.2432	12363.7637	NaN	11225.0635	NaN	10716.0576	11020.6104	12239.2393	11369.9902	NaN	NaN	12201.2188	10724.5586	11040.3789	13174.7734	12161.6367	12001.5977	NaN	11159.501	12760.1387	10984.9678	12879.7188	11910.3291	10692.4902	11125.6172
2.6684	NaN	11652.7881	NaN	NaN	12000.6719	NaN	NaN	11488.8857	13148.3389	11993.9492	12477.9268	12843.0176	NaN	11400.8896	NaN	11149.2393	11400.9268	11882.709	11384.752	NaN	NaN	11188.5352	NaN	NaN	12974.7021	NaN	11560.1855	NaN	10801.4795	NaN	11037.168	13243.2891	NaN	10208.3447	10547.6758
2.8019	NaN	NaN	NaN	NaN	11106.9863	NaN	NaN	10602.8877	12750.8896	NaN	12288.498	12278.1934	NaN	NaN	NaN	11119.2471	NaN	NaN	11527.2803	NaN	NaN	11792.2344	NaN	NaN	NaN	NaN	11567.9893	NaN	10844.04	NaN	10681.6787	NaN	NaN	NaN	10935.7734
2.9353	NaN	NaN	NaN	NaN	NaN	NaN	NaN	11341.1777	NaN	NaN	NaN	NaN	NaN	NaN	NaN	10400.4697	NaN	NaN	NaN	NaN	NaN	NaN	NaN	NaN	NaN	NaN	11531.2402	NaN	NaN	NaN	NaN	NaN	NaN	NaN	NaN
3.0687	NaN	NaN	NaN	NaN	NaN	NaN	NaN	10956.7373	NaN	NaN	NaN	NaN	NaN	NaN	NaN	NaN	NaN	NaN	NaN	NaN	NaN	NaN	NaN	NaN	NaN	NaN	NaN	NaN	NaN	NaN	NaN	NaN	NaN	NaN	NaN
3.2021	NaN	NaN	NaN	NaN	NaN	NaN	NaN	11065.4639	NaN	NaN	NaN	NaN	NaN	NaN	NaN	NaN	NaN	NaN	NaN	NaN	NaN	NaN	NaN	NaN	NaN	NaN	NaN	NaN	NaN	NaN	NaN	NaN	NaN	NaN	NaN
3.3355	NaN	NaN	NaN	NaN	NaN	NaN	NaN	11416.8145	NaN	NaN	NaN	NaN	NaN	NaN	NaN	NaN	NaN	NaN	NaN	NaN	NaN	NaN	NaN	NaN	NaN	NaN	NaN	NaN	NaN	NaN	NaN	NaN	NaN	NaN	NaN
3.469	NaN	NaN	NaN	NaN	NaN	NaN	NaN	NaN	NaN	NaN	NaN	NaN	NaN	NaN	NaN	NaN	NaN	NaN	NaN	NaN	NaN	NaN	NaN	NaN	NaN	NaN	NaN	NaN	NaN	NaN	NaN	NaN	NaN	NaN	NaN
3.6024	NaN	NaN	NaN	NaN	NaN	NaN	NaN	NaN	NaN	NaN	NaN	NaN	NaN	NaN	NaN	NaN	NaN	NaN	NaN	NaN	NaN	NaN	NaN	NaN	NaN	NaN	NaN	NaN	NaN	NaN	NaN	NaN	NaN	NaN	NaN
3.7358	NaN	NaN	NaN	NaN	NaN	NaN	NaN	NaN	NaN	NaN	NaN	NaN	NaN	NaN	NaN	NaN	NaN	NaN	NaN	NaN	NaN	NaN	NaN	NaN	NaN	NaN	NaN	NaN	NaN	NaN	NaN	NaN	NaN	NaN	NaN
3.8692	NaN	NaN	NaN	NaN	NaN	NaN	NaN	NaN	NaN	NaN	NaN	NaN	NaN	NaN	NaN	NaN	NaN	NaN	NaN	NaN	NaN	NaN	NaN	NaN	NaN	NaN	NaN	NaN	NaN	NaN	NaN	NaN	NaN	NaN	NaN
4.0027	NaN	NaN	NaN	NaN	NaN	NaN	NaN	NaN	NaN	NaN	NaN	NaN	NaN	NaN	NaN	NaN	NaN	NaN	NaN	NaN	NaN	NaN	NaN	NaN	NaN	NaN	NaN	NaN	NaN	NaN	NaN	NaN	NaN	NaN	NaN
4.1361	NaN	NaN	NaN	NaN	NaN	NaN	NaN	NaN	NaN	NaN	NaN	NaN	NaN	NaN	NaN	NaN	NaN	NaN	NaN	NaN	NaN	NaN	NaN	NaN	NaN	NaN	NaN	NaN	NaN	NaN	NaN	NaN	NaN	NaN	NaN
4.2695	NaN	NaN	NaN	NaN	NaN	NaN	NaN	NaN	NaN	NaN	NaN	NaN	NaN	NaN	NaN	NaN	NaN	NaN	NaN	NaN	NaN	NaN	NaN	NaN	NaN	NaN	NaN	NaN	NaN	NaN	NaN	NaN	NaN	NaN	NaN
4.4029	NaN	NaN	NaN	NaN	NaN	NaN	NaN	NaN	NaN	NaN	NaN	NaN	NaN	NaN	NaN	NaN	NaN	NaN	NaN	NaN	NaN	NaN	NaN	NaN	NaN	NaN	NaN	NaN	NaN	NaN	NaN	NaN	NaN	NaN	NaN
4.5363	NaN	NaN	NaN	NaN	NaN	NaN	NaN	NaN	NaN	NaN	NaN	NaN	NaN	NaN	NaN	NaN	NaN	NaN	NaN	NaN	NaN	NaN	NaN	NaN	NaN	NaN	NaN	NaN	NaN	NaN	NaN	NaN	NaN	NaN	NaN
4.6698	NaN	NaN	NaN	NaN	NaN	NaN	NaN	NaN	NaN	NaN	NaN	NaN	NaN	NaN	NaN	NaN	NaN	NaN	NaN	NaN	NaN	NaN	NaN	NaN	NaN	NaN	NaN	NaN	NaN	NaN	NaN	NaN	NaN	NaN	NaN
4.8032	NaN	NaN	NaN	NaN	NaN	NaN	NaN	NaN	NaN	NaN	NaN	NaN	NaN	NaN	NaN	NaN	NaN	NaN	NaN	NaN	NaN	NaN	NaN	NaN	NaN	NaN	NaN	NaN	NaN	NaN	NaN	NaN	NaN	NaN	NaN
4.9366	NaN	NaN	NaN	NaN	NaN	NaN	NaN	NaN	NaN	NaN	NaN	NaN	NaN	NaN	NaN	NaN	NaN	NaN	NaN	NaN	NaN	NaN	NaN	NaN	NaN	NaN	NaN	NaN	NaN	NaN	NaN	NaN	NaN	NaN	NaN
5.07	NaN	NaN	NaN	NaN	NaN	NaN	NaN	NaN	NaN	NaN	NaN	NaN	NaN	NaN	NaN	NaN	NaN	NaN	NaN	NaN	NaN	NaN	NaN	NaN	NaN	NaN	NaN	NaN	NaN	NaN	NaN	NaN	NaN	NaN	NaN
5.2035	NaN	NaN	NaN	NaN	NaN	NaN	NaN	NaN	NaN	NaN	NaN	NaN	NaN	NaN	NaN	NaN	NaN	NaN	NaN	NaN	NaN	NaN	NaN	NaN	NaN	NaN	NaN	NaN	NaN	NaN	NaN	NaN	NaN	NaN	NaN
5.3369	NaN	NaN	NaN	NaN	NaN	NaN	NaN	NaN	NaN	NaN	NaN	NaN	NaN	NaN	NaN	NaN	NaN	NaN	NaN	NaN	NaN	NaN	NaN	NaN	NaN	NaN	NaN	NaN	NaN	NaN	NaN	NaN	NaN	NaN	NaN
5.4703	NaN	NaN	NaN	NaN	NaN	NaN	NaN	NaN	NaN	NaN	NaN	NaN	NaN	NaN	NaN	NaN	NaN	NaN	NaN	NaN	NaN	NaN	NaN	NaN	NaN	NaN	NaN	NaN	NaN	NaN	NaN	NaN	NaN	NaN	NaN
5.6037	NaN	NaN	NaN	NaN	NaN	NaN	NaN	NaN	NaN	NaN	NaN	NaN	NaN	NaN	NaN	NaN	NaN	NaN	NaN	NaN	NaN	NaN	NaN	NaN	NaN	NaN	NaN	NaN	NaN	NaN	NaN	NaN	NaN	NaN	NaN
5.7371	NaN	NaN	NaN	NaN	NaN	NaN	NaN	NaN	NaN	NaN	NaN	NaN	NaN	NaN	NaN	NaN	NaN	NaN	NaN	NaN	NaN	NaN	NaN	NaN	NaN	NaN	NaN	NaN	NaN	NaN	NaN	NaN	NaN	NaN	NaN
5.8706	NaN	NaN	NaN	NaN	NaN	NaN	NaN	NaN	NaN	NaN	NaN	NaN	NaN	NaN	NaN	NaN	NaN	NaN	NaN	NaN	NaN	NaN	NaN	NaN	NaN	NaN	NaN	NaN	NaN	NaN	NaN	NaN	NaN	NaN	NaN
