x	Y_20181208_15100_1_3g	Y_20181208_15100_13_6g	Y_20181208_15100_15_4g	Y_20181208_15100_16_3g	Y_20181208_15100_17_1g	Y_20181208_15100_19_1g	Y_20181208_15100_19_2g	Y_20181208_15100_2_3g	Y_20181208_15100_25_1g	Y_20181208_15100_9_1g	Y_20181208_15100b_11_3g	Y_20181208_15100b_13_16g	Y_20181208_15100b_13_20g	Y_20181208_15100b_13_4g	Y_20181208_15100b_14_10g	Y_20181208_15100b_14_3g	Y_20181208_15100b_14_7g	Y_20181208_15100b_16_3g	Y_20181208_15100b_17_1g	Y_20181208_15100b_17_3g	Y_20181208_15100b_18_1g	Y_20181208_15100b_18_4g	Y_20181208_15100b_21_5g	Y_20181208_15100b_22_7g	Y_20181208_15100b_23_10g	Y_20181208_15100b_23_3g	Y_20181208_15100b_23_4g	Y_20181208_15100b_24_1g	Y_20181208_15100b_25_1g	Y_20181208_15100b_26_5g	Y_20181208_15100b_26_7g	Y_20181208_15100b_32_2g	Y_20181208_15100b_32_4g	Y_20181208_15100b_32_8g	Y_20181208_15100b_5_6g
0	28670.8242	30129.1777	33490.8125	28454.8555	28736.3945	28319.3262	28945.7949	31593.8203	26869.4219	28800.8516	28243.4297	30477.9961	30810.7188	29039.6133	38503.582	25682.7441	28930.0371	26604.3613	28576.1562	30684.2949	27519.4727	30606.8535	30057.0352	31445.623	30484.8926	28471.0254	30353.5625	28526.0703	25078.2461	26588.0273	32589.4883	29392.3613	31887.5918	27550.2832	31027.375
0.1334	28299.2441	30462.002	34240.8789	30296.5449	28885.7559	28450.7246	30579.4688	32488.8066	26617.1289	28531.3594	28929.4902	30638.2324	30949.1973	29020.9824	33802.1641	26796.2617	30067.7656	26571.2773	28061.5625	30504.6172	28533.0234	30946.4961	29387.9746	30383.8223	30254.5527	30043.0879	28526.1445	27778.3047	25144.2539	26211.2559	31846.0352	28218.9883	32756.4707	26883.9199	31685.3438
0.2668	28832.7832	30982.8418	33791.6094	29650.6484	30106.6172	27849.3008	29598.2402	33743.3164	26326.7656	27835.957	30100.3945	29549.084	29934.9453	28936.3359	30665.0566	26741.3438	31792.3301	27066.8242	28954.5918	30331.25	29219.8262	30801.9141	29849.416	30656.6895	30230.4453	28169.6289	28814.8613	28224.2363	25790.209	26203.0312	30199.3984	27198.7617	32804.0039	25850.0859	30419.25
0.4003	28745.1289	30062.1719	31964.3945	29960.4824	28835.1289	28762.9512	30747.5273	32432.1875	27505.1113	27693.6562	30991.7832	30063.1445	30383.0039	28831.209	30392.9766	26282.1543	30399.4434	25867.9648	28783.9785	29481.9961	28147.7891	29885.0215	29160.1543	31731.291	29469.1582	28107.5352	28757.377	30028.2344	25343.7168	26095.084	31779.8652	28568.0625	31655.4824	26815.5957	29932.2539
0.5337	27363.5215	30855.0508	34425.4023	30231.2773	28365.4004	28216.0762	30416.1152	33046.9297	26716.4199	27643.9473	29769.0234	30952.2207	28420.8438	28689.2754	30543.9023	25855.334	31714.9902	25795.498	28562.3516	30941.8848	28503.9883	30304.4902	28976.084	30821.123	29310.6562	27114.6035	28822.7715	29349.1836	26054.0957	26970.1289	30132.3125	29942.6348	30611.8613	26715.0664	29858.6387
0.6671	27251.4453	31688.1934	33883.7578	31160.5879	29311.7969	27622.9102	30944.5859	32709.1328	27861.8809	28227.4512	30570.6426	30121.9336	28502.3496	29109.2832	30114.6133	25891.4648	31936.4141	26069.6152	28202.3203	30961.1699	26636.4824	30275.5391	29489.8223	32192.7461	28948.4316	27421.8574	28468.6621	28593.3359	26133.8496	27106.2891	29731.8828	29148.4238	30317.2676	26661.207	31819.4102
0.8005	28027.5801	30312.5703	34704.6094	30653.6719	28835.4961	28325.2891	30424.1641	33350.8047	27374.5762	29225.7266	31353	29233.7852	29755.7891	29954.252	30559.8926	26745.2441	32192.4707	26484.4707	28469.1953	30438.5918	26993.4609	29456.8008	28680.8066	32202.5254	28445.4238	28308.9512	28788.2031	29249.8457	25722.5391	27777.4238	30501.3477	28794.6094	31147.3652	27106.9238	31739.6426
0.934	28724.0137	30138.2773	35763.4062	32230.2324	27517.5254	28404.8418	30088.293	32050.5742	28466.3086	28759.3438	31851.6113	28271.8008	28852.6738	28852.8262	31188.707	26160.9473	32883.4492	27501	28648.7559	29073.6328	27606.7363	31035.5527	29466.2637	31229.4434	29459.4258	29390.5605	28597.6777	28132.9062	25392.0137	27927.0508	30982.2715	27936.375	32445.2871	27396.584	31533.2031
1.0674	28970.0762	32234.2422	34630.3516	33731.4844	28295.4766	28407.5156	29399.9785	32597.752	28601.5898	28086.582	30851.5449	28306.8047	29678.1367	29325.293	30881.5527	26963.5977	33100.0469	28874.291	29010.8223	29759.1133	27292.5918	30668.6055	30309.623	32382.6328	30729.2578	29472.8164	28443.2871	29046.2715	27363.043	28907.8828	30605.6621	29155.8105	31742.6562	27876.5957	31067.4512
1.2008	32054.166	32190.0801	35365.6523	35767.5742	28861.7109	28705.6855	29155.1758	32811.6836	28287.5996	28876.8574	31122.5352	29020.8242	30601.2246	29732.9102	31948.293	26993.2246	37382.6367	28906.9277	30737.2441	30296.3984	29143.5996	30110.7031	32023.6387	33220.8984	31420.4336	30829.3691	30556.9336	29810.7266	27155.623	29344.0898	31155.6387	31547.627	31239.4824	31057.2793	32127.5176
1.3342	34531.4805	33781.0625	38569.1328	36759.25	30703.0137	28387.1562	31545.5332	35017.8125	28729.0664	27408.293	31122.9551	30222.1484	31152.9062	29267.0117	33982.2734	27600.8516	45914.4727	32807.1719	33677.1172	29882.5332	28273.9316	29782.6328	33768.4883	38407.1797	35620.5117	34027.7188	29476.707	31622.7793	28108.5059	31466.084	32633.8496	32503.7051	32319.5625	37114.8516	33145.4141
1.4676	39705.6719	40551.8164	46271.1758	41914.0977	37993.4297	29617.6055	31954.4316	42601.5938	33207.5938	29743.8574	34074.9297	31931.6465	31010.0781	30609.75	40087.3242	30379.0293	72068.6016	42067.1953	41380.3828	29632.7031	29772.0762	30595.5117	40331.2539	49375.8867	40906.8438	40054.2773	34487.0742	34905.793	28900.252	36598.1289	38845.375	36294.8828	31809.6387	49822.2266	33413.8594
1.6011	58772.8828	54442.9297	62168.4062	62967.5664	52769.7461	29218.9004	37085.2812	57687.3164	44351.9805	31550.332	43901.1797	32677.6055	33782.0156	32750.9492	58059.418	35684.2031	109463.0703	64945.5586	64430.3242	31316.9414	32402.7441	32162.2852	58158.6016	61989.8164	57763.8047	54974.9844	40914.2461	42526.2539	36038.3438	46035.918	50647.1211	48962.9141	31212.2129	70805.6562	37781.1094
1.7345	84782.9688	83767.9141	91377.1953	98073.2109	79387.3594	30780.9141	49426.0195	77460.0078	66656.4844	33365.2617	64027.4258	36489.3164	38911.4219	36519.082	78814.8984	46424.7539	113036.125	97720.8125	102184.2812	34236.4883	41934.0234	36810.1367	90937.1953	63403.7539	87301.9688	64535.1719	60545.1914	58112.3828	48918.7656	60845.7734	79876.2344	72582.0547	31705.1309	71249.5312	50451.457
1.8679	92890.8359	105615.3203	101541.4688	124515.8203	88260.9141	36390.4805	78129.8125	77701.125	94963.9766	40456.3359	97305.3906	44111.9414	50633.9961	47209.1367	73436.3594	49624.4375	79729.6562	101733.3672	103123.1953	39567.7031	56954.4297	47377.293	112826.0156	46817.0391	96277.9219	55193.207	82517.3516	75112.5469	77181.2891	64644.1602	103827.4062	77878.2891	34190.0547	52253.8477	73117.1797
2.0013	68541.0469	86327.0625	75818.9453	96658.3828	67068.375	51335.9805	101982.0781	57926.7031	92073.7578	60297.5547	103143.6875	65134.5664	78641.5234	76643.7422	52015.8125	41123.1328	49911.6211	70195.2344	70718.9609	51630.832	67429.5938	64690.7422	91734.2031	38081.4141	69394.3516	41518.8008	85668.2109	70372.2578	102590.6875	49117.0508	85860.75	61476.5664	39362.5781	37720.9688	87876.8438
2.1347	44483.9336	54947.0273	49466.6641	61518.9688	44461.6719	72370.3516	81610.2344	43751.0781	63117.3281	92178.8359	71605.3828	95391.3594	102696.0312	102208.1719	39423.4844	32738.8027	40537.4141	42196.9336	47190.3633	78905.5078	53409.1523	66521.8516	60435.6836	35583.293	47731.4844	35231.3984	60382.0703	53920.8555	82634.2109	37361.9141	54542.7148	43233.3633	52978.0664	31144.2402	69941.375
2.2682	37078.9961	41366.4375	42373.0625	43913.0664	36655.2266	72183.7031	55585.7344	38160.5117	44229.5391	93970.4219	46469.4414	103126.3438	85892.9375	79537.9766	34406.5703	29431.8633	33650.5977	32152.8574	37987.9258	93667.2266	39743.5703	51052.2812	43833.0117	32310.2852	37947.5859	32353.2129	43360.3867	41587.7617	52605.5195	31714.1836	41234.5664	34371.5781	69932.3516	28120.7617	48119.5312
2.4016	32005.4746	34280.9961	41502.2266	38096.2578	32293.1445	52767.5156	43134.875	37361.7188	35080.6602	68734.9297	38719.8555	72368.4062	58917.9531	51578.6602	33421.2266	28107.6406	31910.9355	28282.2344	32764.4961	70277.2891	33862.3008	38725.3398	38452.2461	31888.2871	34863.8086	31034.957	35666.4688	35311.3203	39695.7969	30536.8086	38044.4648	29900.1211	70220.6953	27850.25	38154.4297
2.535	31143.4258	32826.2148	45823.4102	35183.0273	31661.4707	38480.7773	36396.8516	36537.4844	33403.4883	45170.5742	NaN	48482.9414	47685.2695	38829.8164	33135.3516	27245.0566	NaN	27237.6484	32239.4609	45452.7188	31405.748	32612.4844	36236.2852	NaN	33349.4805	28996.8301	33649.4414	32844.6406	34743.5	31182.5625	36455.7031	29931.541	53371.2305	NaN	34004.5977
2.6684	31720.5781	32299.8457	NaN	38199.6523	NaN	34160.3828	34458.3477	NaN	34315.418	36430.6445	NaN	37957.3711	51400.3711	33996.1836	NaN	NaN	NaN	27363.4961	NaN	37509.1523	29982.6738	31566.4785	33149.2305	NaN	32598.2969	NaN	32302.5703	32357.2148	31407.1855	NaN	34595.1016	28260.4297	41154.7266	NaN	31935.1758
2.8019	31452.1289	32003.8555	NaN	NaN	NaN	31255.4648	34018.2188	NaN	NaN	34869.4961	NaN	33703.9883	NaN	NaN	NaN	NaN	NaN	27269.9316	NaN	32150.8652	NaN	30106.9707	32568.4668	NaN	NaN	NaN	NaN	NaN	30600.8633	NaN	NaN	NaN	36563.0898	NaN	NaN
2.9353	NaN	34074.2695	NaN	NaN	NaN	29976.4473	35278.7305	NaN	NaN	NaN	NaN	NaN	NaN	NaN	NaN	NaN	NaN	NaN	NaN	33642	NaN	29967.2344	NaN	NaN	NaN	NaN	NaN	NaN	NaN	NaN	NaN	NaN	34838.7578	NaN	NaN
3.0687	NaN	NaN	NaN	NaN	NaN	NaN	NaN	NaN	NaN	NaN	NaN	NaN	NaN	NaN	NaN	NaN	NaN	NaN	NaN	NaN	NaN	29817.8535	NaN	NaN	NaN	NaN	NaN	NaN	NaN	NaN	NaN	NaN	30786.418	NaN	NaN
3.2021	NaN	NaN	NaN	NaN	NaN	NaN	NaN	NaN	NaN	NaN	NaN	NaN	NaN	NaN	NaN	NaN	NaN	NaN	NaN	NaN	NaN	NaN	NaN	NaN	NaN	NaN	NaN	NaN	NaN	NaN	NaN	NaN	NaN	NaN	NaN
3.3355	NaN	NaN	NaN	NaN	NaN	NaN	NaN	NaN	NaN	NaN	NaN	NaN	NaN	NaN	NaN	NaN	NaN	NaN	NaN	NaN	NaN	NaN	NaN	NaN	NaN	NaN	NaN	NaN	NaN	NaN	NaN	NaN	NaN	NaN	NaN
3.469	NaN	NaN	NaN	NaN	NaN	NaN	NaN	NaN	NaN	NaN	NaN	NaN	NaN	NaN	NaN	NaN	NaN	NaN	NaN	NaN	NaN	NaN	NaN	NaN	NaN	NaN	NaN	NaN	NaN	NaN	NaN	NaN	NaN	NaN	NaN
3.6024	NaN	NaN	NaN	NaN	NaN	NaN	NaN	NaN	NaN	NaN	NaN	NaN	NaN	NaN	NaN	NaN	NaN	NaN	NaN	NaN	NaN	NaN	NaN	NaN	NaN	NaN	NaN	NaN	NaN	NaN	NaN	NaN	NaN	NaN	NaN
3.7358	NaN	NaN	NaN	NaN	NaN	NaN	NaN	NaN	NaN	NaN	NaN	NaN	NaN	NaN	NaN	NaN	NaN	NaN	NaN	NaN	NaN	NaN	NaN	NaN	NaN	NaN	NaN	NaN	NaN	NaN	NaN	NaN	NaN	NaN	NaN
3.8692	NaN	NaN	NaN	NaN	NaN	NaN	NaN	NaN	NaN	NaN	NaN	NaN	NaN	NaN	NaN	NaN	NaN	NaN	NaN	NaN	NaN	NaN	NaN	NaN	NaN	NaN	NaN	NaN	NaN	NaN	NaN	NaN	NaN	NaN	NaN
4.0027	NaN	NaN	NaN	NaN	NaN	NaN	NaN	NaN	NaN	NaN	NaN	NaN	NaN	NaN	NaN	NaN	NaN	NaN	NaN	NaN	NaN	NaN	NaN	NaN	NaN	NaN	NaN	NaN	NaN	NaN	NaN	NaN	NaN	NaN	NaN
4.1361	NaN	NaN	NaN	NaN	NaN	NaN	NaN	NaN	NaN	NaN	NaN	NaN	NaN	NaN	NaN	NaN	NaN	NaN	NaN	NaN	NaN	NaN	NaN	NaN	NaN	NaN	NaN	NaN	NaN	NaN	NaN	NaN	NaN	NaN	NaN
4.2695	NaN	NaN	NaN	NaN	NaN	NaN	NaN	NaN	NaN	NaN	NaN	NaN	NaN	NaN	NaN	NaN	NaN	NaN	NaN	NaN	NaN	NaN	NaN	NaN	NaN	NaN	NaN	NaN	NaN	NaN	NaN	NaN	NaN	NaN	NaN
4.4029	NaN	NaN	NaN	NaN	NaN	NaN	NaN	NaN	NaN	NaN	NaN	NaN	NaN	NaN	NaN	NaN	NaN	NaN	NaN	NaN	NaN	NaN	NaN	NaN	NaN	NaN	NaN	NaN	NaN	NaN	NaN	NaN	NaN	NaN	NaN
4.5363	NaN	NaN	NaN	NaN	NaN	NaN	NaN	NaN	NaN	NaN	NaN	NaN	NaN	NaN	NaN	NaN	NaN	NaN	NaN	NaN	NaN	NaN	NaN	NaN	NaN	NaN	NaN	NaN	NaN	NaN	NaN	NaN	NaN	NaN	NaN
4.6698	NaN	NaN	NaN	NaN	NaN	NaN	NaN	NaN	NaN	NaN	NaN	NaN	NaN	NaN	NaN	NaN	NaN	NaN	NaN	NaN	NaN	NaN	NaN	NaN	NaN	NaN	NaN	NaN	NaN	NaN	NaN	NaN	NaN	NaN	NaN
4.8032	NaN	NaN	NaN	NaN	NaN	NaN	NaN	NaN	NaN	NaN	NaN	NaN	NaN	NaN	NaN	NaN	NaN	NaN	NaN	NaN	NaN	NaN	NaN	NaN	NaN	NaN	NaN	NaN	NaN	NaN	NaN	NaN	NaN	NaN	NaN
4.9366	NaN	NaN	NaN	NaN	NaN	NaN	NaN	NaN	NaN	NaN	NaN	NaN	NaN	NaN	NaN	NaN	NaN	NaN	NaN	NaN	NaN	NaN	NaN	NaN	NaN	NaN	NaN	NaN	NaN	NaN	NaN	NaN	NaN	NaN	NaN
5.07	NaN	NaN	NaN	NaN	NaN	NaN	NaN	NaN	NaN	NaN	NaN	NaN	NaN	NaN	NaN	NaN	NaN	NaN	NaN	NaN	NaN	NaN	NaN	NaN	NaN	NaN	NaN	NaN	NaN	NaN	NaN	NaN	NaN	NaN	NaN
5.2035	NaN	NaN	NaN	NaN	NaN	NaN	NaN	NaN	NaN	NaN	NaN	NaN	NaN	NaN	NaN	NaN	NaN	NaN	NaN	NaN	NaN	NaN	NaN	NaN	NaN	NaN	NaN	NaN	NaN	NaN	NaN	NaN	NaN	NaN	NaN
5.3369	NaN	NaN	NaN	NaN	NaN	NaN	NaN	NaN	NaN	NaN	NaN	NaN	NaN	NaN	NaN	NaN	NaN	NaN	NaN	NaN	NaN	NaN	NaN	NaN	NaN	NaN	NaN	NaN	NaN	NaN	NaN	NaN	NaN	NaN	NaN
