x	Y_20181208_15100_10_2g	Y_20181208_15100_14_2g	Y_20181208_15100_16_3g	Y_20181208_15100_19_2g	Y_20181208_15100_2_1g	Y_20181208_15100_2_3g	Y_20181208_15100_5_5g	Y_20181208_15100_6_4g	Y_20181208_15100_6_7g	Y_20181208_15100_7_1g	Y_20181208_15100_7_2g	Y_20181208_15100_8_1g	Y_20181208_15100b_1_7g	Y_20181208_15100b_10_2g	Y_20181208_15100b_11_3g	Y_20181208_15100b_13_3g	Y_20181208_15100b_14_1g	Y_20181208_15100b_15_4g	Y_20181208_15100b_16_9g	Y_20181208_15100b_17_7g	Y_20181208_15100b_18_1g	Y_20181208_15100b_18_2g	Y_20181208_15100b_19_6g	Y_20181208_15100b_19_7g	Y_20181208_15100b_2_3g	Y_20181208_15100b_20_12g	Y_20181208_15100b_21_8g	Y_20181208_15100b_22_7g	Y_20181208_15100b_23_10g	Y_20181208_15100b_23_2g	Y_20181208_15100b_26_6g	Y_20181208_15100b_27_1g	Y_20181208_15100b_28_1g	Y_20181208_15100b_29_1g	Y_20181208_15100b_32_5g	Y_20181208_15100b_5_2g	Y_20181208_15100b_5_3g	Y_20181208_15100b_6_2g	Y_20181208_15100b_7_5g	Y_20181208_15100b_8_3g	Y_20181208_15100b_8_4g	Y_20181208_15100b_9_3g
0	28453	31028.4062	30529.9355	28361.4746	30478.1875	36204.3789	30237.6191	27908.8047	26947.5254	30788.2383	32137.3477	30032.0957	27980.6836	30236.6152	29797.5332	27598.9062	22916.6406	27498.4297	29400.7012	27466.293	28249.8047	29555.2695	25385.6973	26147.252	29201.0039	27817.0137	29181.2891	31239.5664	30073.4043	27871.5469	26491.9688	27497.3223	25084.0254	31642.959	31390.8535	32256.5918	30625.584	33186.5039	30423.1992	31712.3242	31979.9883	29603.6348
0.1334	28021.5781	31700.4609	29444.1016	29235.2031	29129.9746	35695.6445	30319.0547	27662.5586	28028.0645	29426.3828	32734.623	29629.5859	27363.6641	30464.1797	30645.6172	27080.9277	24542.4844	28009.5684	29004.5664	28405.334	29745.4277	27342.0957	27850.6953	26802.5312	30479.0762	26680.875	29663.7285	31075.959	30282.4668	30026.5723	27758.3359	27608.1309	23817.0977	30914.9492	30557.9805	29418.9648	29948.4707	31367.1621	29454.0312	31127.5762	31378.2715	27749.373
0.2668	28711.9512	31690.4336	29240.625	28214.6973	28701.873	34429.6055	31177.1133	29512.3027	27900.0254	29600.207	32125.0117	29330.5957	28149.1973	32429.0547	32078.1113	28464.7383	24256.3789	28606.4375	30226.6758	29335.1875	29072.748	27412.2266	26165.9316	28480.1797	31974.9453	26956.041	30251.5938	30551.707	29542.25	28308.2402	28264.002	28000.5684	24865.5977	30638.6387	30649.4648	30416.875	30356.168	33332.4805	30818.9453	30877.1895	32329.9414	29333.5098
0.4003	29471.5996	31573.0391	30954.7773	28858.2617	28682.0762	35804.5898	31338.6562	29176.9453	27994.1191	28125.4004	32298.8613	28822.5332	28376.3359	31712.5273	31116.1055	26750.0098	24323.4805	28687.1094	30391.4375	28066.8906	28486.7266	28819.502	27098.832	27937.3516	30798.9258	27205.6641	29998.9883	32658.3359	31239.2676	28372.127	27325.4727	26976.1309	27205.5996	32093.6211	30058.7129	29795.4238	31210.2285	33481.7305	31216.8652	30791.2695	32005.6855	29664.3809
0.5337	29301.9648	30582.9863	29852.2324	28903.6367	28227.8711	34690.6719	31479.2129	29342.6094	28526.4434	29934.0625	31401.502	30661.5859	28098.0684	32732.7852	31327.4258	28675.4531	23378.416	29192.9902	31218.6289	28518.9492	29794.1953	28580.1211	27305.9219	27425.9863	30719.4336	27648.6992	30977.3027	34014.543	30832.1699	29933.6191	28635.3848	28243.1504	24525.7207	32710.9551	30986.9355	32003.3809	31517.5371	32222.4199	29822.6543	32255.1973	33152.8906	30651.5469
0.6671	27665.1406	32779.8086	29080.4395	29839.7617	30728.248	36249.457	32922.8203	28136.5352	27939.2754	30379.8281	32935.1602	29749.1309	27473.9551	32041.1875	30959.2422	29045.75	25607.252	28301.9414	30375.6016	29952.4648	29808.8125	29200.3027	28033.8809	27427.4414	30711.1094	26686.4238	34399.9297	35995.5664	30892.5859	30250.1367	29117.0273	28824.4043	23265.3594	31713.3945	30801	32115.0684	31652.6191	35519.0625	30794.4414	30614.0176	33239.9844	29581.0801
0.8005	28735.3027	33184.8086	29474.248	29541.1367	32084.0684	35574.4141	32673.3809	28437.6172	30464.8242	30527.3906	32230.7031	30583.1543	27868.125	31394.2695	30650.3594	31418.6953	25611.5645	29076.0762	30202.9043	29027.7617	29837.1445	28335.7129	27201.916	28433.6191	31242.6953	28665.4102	35615.5117	38869.875	30403.0078	28569.543	28023.252	28100.0586	24061.3809	32197.0352	31522.0176	35966.0742	32777.6289	35285.0898	31410.291	30848.1484	32942.5781	29285.1641
0.934	29180.0234	36003.1953	30938.7227	32575.2734	31844.9219	34651.0234	31134.6152	31675.0742	30178.6445	31626.6621	32475.9277	30311.0156	29067.3945	32430.7441	30649.0117	30781.4805	25100.3203	29778.1367	29422.2344	30265.2793	30803.6465	29610.9902	28687.3555	28785.6016	31090.4121	27095.8906	38454.3789	37956.2031	31676.0508	29286.8867	29900.6055	28246.1055	24262.123	32254.6484	29593.1348	39348.4922	33745.7305	32897.168	31043.459	31371.6699	33951.1875	29234
1.0674	28942.1328	37593.6055	30547.0664	35414.5156	33613.8867	35068.5	32709.9766	37810.668	33152.3594	34693.2891	31522.1973	31117.4844	29445.1914	31429.2617	31372.2383	34131.9336	25667.6016	29377.4102	30092.8848	32899.5625	30264.5254	30644.3398	32496.5605	28163.9316	31326.1211	30566.9082	53363.3242	34885.7188	34555.0234	29994.8398	31078.5996	27822.2344	23749.7734	31934.1816	30781.4727	46724.4258	33049.1406	33707.4375	31935.4336	33740.7539	33997.9102	29785.1543
1.2008	28595.209	42675.9219	33407.3984	42113.4922	38821.7344	35830.1406	33685.7734	49103.5352	41032.0625	44601.0391	33191.7812	32491.6445	31379.3418	32502.7109	32409.7422	38037.1719	26124.0312	32636.1211	30024.1621	34986.0547	29727.2812	31671.8984	38752.6758	28837.3711	30731.0391	36885.4258	87535.2344	31638.3555	42444.9062	30753.2949	30357.873	27277.3926	24931.8535	32363.1055	31578.5059	62916.5703	35523.6523	34395.7266	33157.4766	36921.6719	33633.2305	30589.9082
1.3342	30124.1543	59189.8242	35541.6523	52845.582	48703.7344	41042.9219	33769.1992	51852.875	50358.9141	65315.0703	37614.8047	35720.207	35155.4648	33434.8789	39363.4492	48569.582	29344.4531	41382.207	31899.6602	41111.1328	30060.8789	30915.5	44078.6484	28745.3008	32047.957	40647.9883	127588.6328	31831.3379	58504	33590.7109	29851.2402	27573.6348	24074.7598	34565.2266	32243.252	65207.0195	38385.0312	36115.043	32087.6895	39949.168	35543.1289	31196.6582
1.4676	33597.2969	82934.2266	41734.082	68794.6875	50994.8555	47488.4336	37574.0195	45679.75	51039.7891	81583.6719	44050.8203	47280.4141	46143.9688	34462.1406	52350.7812	68312.1328	35993.3789	46102.6523	33976.4375	46975.8633	32206.5586	31076.4316	39483.2695	29399.1562	32859.4258	37414.7266	131451.6719	30228.8926	69914.7578	41619.9414	30941.8652	28425.123	25077.748	39912.8945	34619.4023	48661.2031	46597.25	40387.3281	32377.5156	38476.418	39452.0859	31073.4609
1.6011	42278.582	79328.5156	51987.8242	60271.5234	39720.2305	58625.625	46462.9023	36102.1445	39072.6445	69086.7734	44925.7734	73627	65899.4297	37927.8203	68834.5703	79187.4844	49855.0078	42514.5664	40989.8516	42361.0156	36847.043	35284.5039	34418.3164	31682.3652	37771.4258	31548.1973	91946.4219	NaN	55860.5977	57319.5703	32132.252	29105.2422	28973.7285	54993.0625	38189.9844	41899.4766	53004.6211	46637.668	33959.1758	37786.9805	47687.2656	31840.4941
1.7345	60523.7969	55807.1719	61319.0234	43433.5078	35713.1797	58631.9531	62866.3125	31942.4492	31863.2441	48998.2031	38035.7344	101454.4609	75907.0156	42470.168	65713.7812	63172.2578	54497.2461	34880.1406	53153.5156	35554.0312	38329.4141	42144.7852	32052.5938	33249.4336	41651.8086	30078.9609	59028.3906	NaN	39667.2461	71179.0156	37156.625	28621.0527	34565.9531	90728.6719	42759.4492	NaN	48040.6016	62261.8086	38382.3281	39453.6602	53335.4727	38296.0781
1.8679	72388.5	39442.4609	56748.5742	35042.0664	32731.9414	46865.2383	72437.5	29023.1816	29290.9121	37315.0312	32990.0391	94916.9609	62338.418	48796.9531	49715.7969	41538.2031	43714.9609	32530.0742	55416.2305	32895.2617	36125.6484	43933.8672	NaN	37835.4375	57194.8203	29595.5996	45176.6641	NaN	35990.3984	58390.2617	46159.5039	33015.0234	45172.2812	125609.6328	37460.793	NaN	39361.8008	79828.6953	43673.1641	39222.7188	47434.7734	46287.0195
2.0013	64960.3164	35225.3828	43935.3086	34116.1484	32131.4941	38325.6445	58319.4336	29455.0137	28204.4648	31792.0605	30709.9551	61921.7969	47525.6055	45573.7539	37527.3828	35554.957	30414.9668	NaN	44400.6055	32285.084	31950.1758	38372.5859	NaN	41730.043	65422.2266	NaN	38305.9609	NaN	NaN	42119.5078	47740.457	38104.1602	53573.2852	111756.3594	33170.2109	NaN	34571.0859	70723.375	42031.8242	NaN	39041.4805	50099.5859
2.1347	47730.6406	33782.9805	37713.1875	NaN	NaN	34308.1133	42282.2383	NaN	NaN	28820.9355	NaN	42854.1758	42981.7422	38843.125	32789.7227	31910.2168	28335.3555	NaN	37628.1875	32684.6074	30355.9531	33579.9219	NaN	39379.0664	51001.3281	NaN	37301.1875	NaN	NaN	33836.8438	42487.0742	48791.7773	47188.8359	72216.6094	31912.9199	NaN	33709.5781	49128.9336	36565.2773	NaN	35413.0859	43247.6172
2.2682	35849.9922	32089.7324	35380.1055	NaN	NaN	33262.6211	35906.1992	NaN	NaN	NaN	NaN	35410.4414	36835.3359	34780.7422	31248.0762	NaN	27320.4883	NaN	33955.2617	NaN	28738.3066	29797.6973	NaN	33642.0078	39568.2266	NaN	34321.6562	NaN	NaN	NaN	36462.8789	55161.2852	34721.875	47883.6992	31044.4805	NaN	NaN	39566.9258	34570.9102	NaN	32997.4922	37469.3008
2.4016	31525.3066	NaN	NaN	NaN	NaN	32559.9414	32514.5898	NaN	NaN	NaN	NaN	32572.0879	NaN	34617.625	NaN	NaN	NaN	NaN	NaN	NaN	29736.0703	29555.9336	NaN	30287.3652	34261.8086	NaN	NaN	NaN	NaN	NaN	33897.7617	50746.9375	28513.0586	39618.4453	NaN	NaN	NaN	36244.6172	33751.5781	NaN	31683.709	32681.1289
2.535	29526.6152	NaN	NaN	NaN	NaN	NaN	32790.5078	NaN	NaN	NaN	NaN	31463.0352	NaN	NaN	NaN	NaN	NaN	NaN	NaN	NaN	NaN	26690.8809	NaN	NaN	34005.6367	NaN	NaN	NaN	NaN	NaN	32870.625	37295.7344	25664.7344	NaN	NaN	NaN	NaN	35864.7734	32298.7383	NaN	NaN	31842.3359
2.6684	29811.082	NaN	NaN	NaN	NaN	NaN	NaN	NaN	NaN	NaN	NaN	30524.6133	NaN	NaN	NaN	NaN	NaN	NaN	NaN	NaN	NaN	NaN	NaN	NaN	NaN	NaN	NaN	NaN	NaN	NaN	37085.1211	30604.6367	25691.9961	NaN	NaN	NaN	NaN	NaN	31790.4199	NaN	NaN	32093.4668
2.8019	NaN	NaN	NaN	NaN	NaN	NaN	NaN	NaN	NaN	NaN	NaN	NaN	NaN	NaN	NaN	NaN	NaN	NaN	NaN	NaN	NaN	NaN	NaN	NaN	NaN	NaN	NaN	NaN	NaN	NaN	NaN	28161.1797	NaN	NaN	NaN	NaN	NaN	NaN	NaN	NaN	NaN	NaN
2.9353	NaN	NaN	NaN	NaN	NaN	NaN	NaN	NaN	NaN	NaN	NaN	NaN	NaN	NaN	NaN	NaN	NaN	NaN	NaN	NaN	NaN	NaN	NaN	NaN	NaN	NaN	NaN	NaN	NaN	NaN	NaN	NaN	NaN	NaN	NaN	NaN	NaN	NaN	NaN	NaN	NaN	NaN
3.0687	NaN	NaN	NaN	NaN	NaN	NaN	NaN	NaN	NaN	NaN	NaN	NaN	NaN	NaN	NaN	NaN	NaN	NaN	NaN	NaN	NaN	NaN	NaN	NaN	NaN	NaN	NaN	NaN	NaN	NaN	NaN	NaN	NaN	NaN	NaN	NaN	NaN	NaN	NaN	NaN	NaN	NaN
3.2021	NaN	NaN	NaN	NaN	NaN	NaN	NaN	NaN	NaN	NaN	NaN	NaN	NaN	NaN	NaN	NaN	NaN	NaN	NaN	NaN	NaN	NaN	NaN	NaN	NaN	NaN	NaN	NaN	NaN	NaN	NaN	NaN	NaN	NaN	NaN	NaN	NaN	NaN	NaN	NaN	NaN	NaN
3.3355	NaN	NaN	NaN	NaN	NaN	NaN	NaN	NaN	NaN	NaN	NaN	NaN	NaN	NaN	NaN	NaN	NaN	NaN	NaN	NaN	NaN	NaN	NaN	NaN	NaN	NaN	NaN	NaN	NaN	NaN	NaN	NaN	NaN	NaN	NaN	NaN	NaN	NaN	NaN	NaN	NaN	NaN
3.469	NaN	NaN	NaN	NaN	NaN	NaN	NaN	NaN	NaN	NaN	NaN	NaN	NaN	NaN	NaN	NaN	NaN	NaN	NaN	NaN	NaN	NaN	NaN	NaN	NaN	NaN	NaN	NaN	NaN	NaN	NaN	NaN	NaN	NaN	NaN	NaN	NaN	NaN	NaN	NaN	NaN	NaN
3.6024	NaN	NaN	NaN	NaN	NaN	NaN	NaN	NaN	NaN	NaN	NaN	NaN	NaN	NaN	NaN	NaN	NaN	NaN	NaN	NaN	NaN	NaN	NaN	NaN	NaN	NaN	NaN	NaN	NaN	NaN	NaN	NaN	NaN	NaN	NaN	NaN	NaN	NaN	NaN	NaN	NaN	NaN
3.7358	NaN	NaN	NaN	NaN	NaN	NaN	NaN	NaN	NaN	NaN	NaN	NaN	NaN	NaN	NaN	NaN	NaN	NaN	NaN	NaN	NaN	NaN	NaN	NaN	NaN	NaN	NaN	NaN	NaN	NaN	NaN	NaN	NaN	NaN	NaN	NaN	NaN	NaN	NaN	NaN	NaN	NaN
3.8692	NaN	NaN	NaN	NaN	NaN	NaN	NaN	NaN	NaN	NaN	NaN	NaN	NaN	NaN	NaN	NaN	NaN	NaN	NaN	NaN	NaN	NaN	NaN	NaN	NaN	NaN	NaN	NaN	NaN	NaN	NaN	NaN	NaN	NaN	NaN	NaN	NaN	NaN	NaN	NaN	NaN	NaN
4.0027	NaN	NaN	NaN	NaN	NaN	NaN	NaN	NaN	NaN	NaN	NaN	NaN	NaN	NaN	NaN	NaN	NaN	NaN	NaN	NaN	NaN	NaN	NaN	NaN	NaN	NaN	NaN	NaN	NaN	NaN	NaN	NaN	NaN	NaN	NaN	NaN	NaN	NaN	NaN	NaN	NaN	NaN
