x	Y_20180224_15100_10_2g	Y_20180224_15100_11_6g	Y_20180224_15100_13_1g	Y_20180224_15100_13_6g	Y_20180224_15100_14_2g	Y_20180224_15100_15_4g	Y_20180224_15100_16_1g	Y_20180224_15100_17_4g	Y_20180224_15100_19_6g	Y_20180224_15100_20_10g	Y_20180224_15100_20_11g	Y_20180224_15100_22_4g	Y_20180224_15100_30_4g	Y_20180224_15100_33_7g	Y_20180224_15100_7_10g	Y_20180224_15100_7_3g	Y_20180224_15100_9_10g	Y_20180224_15100_9_7g
0	13769.67	14529.634	14422.125	15818.036	13920.353	13591.2	14250.473	12404.811	14076.36	12166.579	12939.808	14288.809	13615.299	14238.906	14981.556	15437.899	16049.767	15432.773
0.1334	15124.768	15676.964	16555.902	16298.428	14938.481	14919.401	15498.399	13085.581	16072.516	13061.604	13437.163	15626.593	13206.427	14647.131	16676.424	15977.862	17384.514	16599.889
0.2668	17145.871	16713.252	18753.264	18665.562	18459.414	17211.576	18556.537	13332.453	18207.273	15561.865	14230.778	17543.658	14907.315	16552.107	19763.072	19309.709	21694.672	19805.689
0.4003	19268.979	20881.23	18749.812	23669.107	22293.613	20799.016	22086.625	16126.469	20111.15	17838.619	16785.869	19521.021	17834.15	19954.098	21905.389	20130.898	25996.65	24733.801
0.5337	23062.377	26515.557	19109.99	29957.908	23854.285	19933.76	25060.443	18724.492	20085.027	16751.812	20214.438	20966.965	21148.918	22154.584	22083.168	19120.902	27533.922	26457.729
0.6671	25036.068	26958.379	18462.865	31310.939	23143.309	19168.029	25036.438	19513.846	20135.482	16085.909	21876.518	19266.957	22787.578	22810.322	19603.672	17374.557	24802.445	24054.16
0.8005	24411.248	25364.889	17492.598	26914.391	20731.916	17875.766	23315.934	18710.193	21309.811	15421.985	21445.838	19358.307	21792.697	21053.324	16887.783	17494.525	21920.029	20202.869
0.934	21522.336	24785.043	17521.375	24919.197	21602.203	18389.123	20742.914	19178.02	19667.027	15121.344	21234.986	18134.945	21663.242	20772.709	16154.622	17766.152	19938.881	20278.305
1.0674	18808.096	22769.414	17050.881	24645.342	20537.309	17278.982	20245.982	18294.816	20467.689	15363.321	20542.041	18072.086	21238.562	18488.586	16071.878	17834.078	21856.891	19925.133
1.2008	18012.857	22709.729	16104.517	23072.672	19364.992	17176.611	19806.262	17766.027	21088.225	16046.155	19387.469	18127.787	20873.367	17794.822	16090.981	17407.85	22629.699	21416.447
1.3342	17595.172	22559.465	16212.51	21271.248	17157.734	16976.715	18134.775	18512.729	21231.861	14954.254	18812.502	18240.012	20565.625	17628.248	16256.073	16712.779	22350.65	24834.031
1.4676	17328.332	21324.32	15253.272	19950.83	17008.723	17276.6	16677.014	17461.688	18594.062	14790.755	18869.438	18970.273	19392.635	18640.531	15362.049	16390.938	21364.803	24676.135
1.6011	16805.857	19804.1	15178.854	19358.615	17192.973	17766.613	16839.242	17850.65	18046.357	14680.222	18515.264	18497.645	17996.725	17715.135	14830.346	17406.934	22767.373	22544.273
1.7345	18901.131	18524.633	15652.076	18283.035	16077.187	16570.514	16182.904	16799.707	17054.293	13961.524	18090.926	18291.844	17632.432	19096.535	15348.612	16763.398	23143.396	21048.988
1.8679	18168.807	17423.178	14590.078	17502.531	16032.625	17854.301	15171.972	16773.09	16153.688	14017.359	16937.279	18032.486	17978.516	18365.146	15308.603	15925.693	22521.844	20654.629
2.0013	17354.236	17203.172	14873.108	17052.004	15220.199	15660.926	15771.67	15886.556	15080.894	13039.066	17021.793	17350.779	16602.322	17863.91	14931.11	16003.258	22050.891	18589.992
2.1348	16985.037	17145.041	14836.93	16692.959	15081.177	16376.528	15274.407	14259.951	14806.482	13661.37	16332.502	16401.959	15861.706	15139	15896.776	15878.479	19708.854	18252.016
2.2682	17032.83	17227.314	NaN	16314.382	15317.78	16950.25	15917.739	14626.486	14609.386	NaN	15440.249	15321.005	15430.531	14923.089	15978.927	NaN	18887.859	18131
2.4016	16438.99	16509.477	NaN	14780.519	15419.771	16261.455	15389.891	16191.013	14436.857	NaN	15066.176	15333.395	16070.736	14626.975	16914.6	NaN	18159.527	17596.207
2.535	15883.692	NaN	NaN	15109.058	NaN	16341.678	15961.456	14984.782	14268.878	NaN	15739.112	14854.211	NaN	NaN	NaN	NaN	16802.982	17039.527
2.6684	14874.479	NaN	NaN	14654.481	NaN	NaN	NaN	15919.039	14608.407	NaN	NaN	14747.088	NaN	NaN	NaN	NaN	NaN	NaN
2.8019	NaN	NaN	NaN	NaN	NaN	NaN	NaN	NaN	NaN	NaN	NaN	NaN	NaN	NaN	NaN	NaN	NaN	NaN
2.9353	NaN	NaN	NaN	NaN	NaN	NaN	NaN	NaN	NaN	NaN	NaN	NaN	NaN	NaN	NaN	NaN	NaN	NaN
3.0687	NaN	NaN	NaN	NaN	NaN	NaN	NaN	NaN	NaN	NaN	NaN	NaN	NaN	NaN	NaN	NaN	NaN	NaN
3.2021	NaN	NaN	NaN	NaN	NaN	NaN	NaN	NaN	NaN	NaN	NaN	NaN	NaN	NaN	NaN	NaN	NaN	NaN
3.3356	NaN	NaN	NaN	NaN	NaN	NaN	NaN	NaN	NaN	NaN	NaN	NaN	NaN	NaN	NaN	NaN	NaN	NaN
3.469	NaN	NaN	NaN	NaN	NaN	NaN	NaN	NaN	NaN	NaN	NaN	NaN	NaN	NaN	NaN	NaN	NaN	NaN
3.6024	NaN	NaN	NaN	NaN	NaN	NaN	NaN	NaN	NaN	NaN	NaN	NaN	NaN	NaN	NaN	NaN	NaN	NaN
3.7358	NaN	NaN	NaN	NaN	NaN	NaN	NaN	NaN	NaN	NaN	NaN	NaN	NaN	NaN	NaN	NaN	NaN	NaN
3.8692	NaN	NaN	NaN	NaN	NaN	NaN	NaN	NaN	NaN	NaN	NaN	NaN	NaN	NaN	NaN	NaN	NaN	NaN
4.0027	NaN	NaN	NaN	NaN	NaN	NaN	NaN	NaN	NaN	NaN	NaN	NaN	NaN	NaN	NaN	NaN	NaN	NaN
4.1361	NaN	NaN	NaN	NaN	NaN	NaN	NaN	NaN	NaN	NaN	NaN	NaN	NaN	NaN	NaN	NaN	NaN	NaN
4.2695	NaN	NaN	NaN	NaN	NaN	NaN	NaN	NaN	NaN	NaN	NaN	NaN	NaN	NaN	NaN	NaN	NaN	NaN
4.4029	NaN	NaN	NaN	NaN	NaN	NaN	NaN	NaN	NaN	NaN	NaN	NaN	NaN	NaN	NaN	NaN	NaN	NaN
