x	Y_20181208_15100_13_10g	Y_20181208_15100_13_4g	Y_20181208_15100_15_8g	Y_20181208_15100_16_2g	Y_20181208_15100_27_1g	Y_20181208_15100_6_1g	Y_20181208_15100_6_4g	Y_20181208_15100_8_1g	Y_20181208_15100b_11_5g	Y_20181208_15100b_13_3g	Y_20181208_15100b_16_4g	Y_20181208_15100b_16_8g	Y_20181208_15100b_18_6g	Y_20181208_15100b_19_3g	Y_20181208_15100b_20_9g	Y_20181208_15100b_21_11g	Y_20181208_15100b_22_10g	Y_20181208_15100b_22_4g	Y_20181208_15100b_27_1g	Y_20181208_15100b_27_7g	Y_20181208_15100b_6_4g
0	13802.5762	12193.7305	10708.5977	13071.1016	14307.8643	15163.2197	13417.5938	10893.8037	11270.1289	10374.5234	11271.7051	12511.1973	13617.7695	10736.9932	13430.2217	13766.1396	13117.5195	12223.5547	6357.3164	10547.7832	12534.7598
0.1334	14665.1191	11859.3184	11256.6338	13369.0479	15211.6885	15768.7549	13338.9385	12008.0771	11767.3438	11173.9717	12173.915	13705.3848	15443.0469	11008.6514	13671.5186	13312.1797	13520.9678	13118.3564	6983.8242	10889.7959	13161.8262
0.2668	16078.3887	11922.5176	11527.8125	13904.5635	16946.6543	16721.6426	13609.668	12936.7041	13838.4414	12891.1113	13686.9453	14927.7432	17250.0039	11597.8135	15235.0479	14096.4453	13992.0293	14645.415	9344.9355	11738.7109	14186.7607
0.4003	19774.3809	12359.1592	12555.9668	14703.1123	21333.8945	17815.2363	13856.5469	14433.335	18627.4062	16754.1465	16009.3682	16958.0547	19276.8574	14048.1631	18056.1328	14348.2783	14900.6855	18087.7148	19411.8359	13050.4727	15933.4473
0.5337	26608.1426	14013.0088	15298.2627	17473.793	24336.9258	18702.1309	14215.6738	15977.459	22165.4844	20968.0684	15199.6855	19025.2051	18855.793	17144.8008	19713.1543	15848.0596	17107.3164	22252.1875	20797.0234	14282.3691	18191.375
0.6671	32679.7383	17107.3418	15810.2344	20397.9199	20533.1934	17606.7148	16528.5938	16287.0146	22430.3184	22500.7461	13151.2568	18710.0762	16598.3223	16209.5176	19132.4863	17586.6699	20593.3516	22677.0977	16890.5449	13989.2129	20690.5059
0.8005	29116.4824	18201.0352	15050.249	19023.5527	17780.7383	14566.3691	20347.1406	16427.8555	18867.7754	22491.2461	12366.1035	16142.1631	16065.46	13120.2031	18687.1406	19291.3418	22218.666	20296.5879	13913.6279	12558.1367	18056.0742
0.934	23754.9902	17934.1582	14228.4473	16964.5566	16838.7871	15575.7266	21274.6484	15822.624	16920.4609	19153.748	11746.8086	15213.1113	15178.0537	11768.9551	16490.0938	17987.75	22086.709	17442.4609	12498.6836	12309.3594	16191.2207
1.0674	19564.2422	17947.4434	13577.1377	16627.709	17477.459	15947.7754	18311.3301	14735.9902	16023.6348	18472.2617	11445.3584	15808.8086	14956.5605	12294.8535	14830.4707	15264.8711	21660.6016	16707.9219	12060.6904	12173.208	16796.127
1.2008	17223.6055	15471.707	13620.3848	18393.2207	16991.4023	15571.0254	14344.6787	13742.75	14556.5967	17228.4824	11656.0928	15690.4531	14760.0723	11879.4131	14864.2188	13736.249	19040.2012	17388.0215	14180.9863	11585.6436	16249.2881
1.3342	16797.2441	16105.4014	14408.5107	20492.1973	16529.1562	17304.0293	13487.3398	13546.2764	13543.874	16528.1172	11640.1533	14824.3252	14072.8125	11776.8984	14079.8252	13865.335	17226.9746	17039.1699	14281.6309	11136.4434	17008.6133
1.4676	16879.8359	16294.2588	15028.5371	19601.1367	15404.3193	17894.5254	14055.8477	13804.0078	14140.04	14343.8389	11845.8633	14921.8301	12424.6289	11207.3262	13275.4023	13369.6777	17040.1758	15303.4443	12923.4766	10798.9121	15793.8623
1.6011	15945.0488	19318.207	14924.2744	16833.8008	14397.9229	16620.6113	14193.1602	13792.9736	14110.2578	12999.7422	11949.9033	13837.6074	12003.5029	11450.5586	12815.1885	13254.0273	15491.0068	13966.002	12330.5244	11285.7139	13409.0391
1.7345	14873.9004	19665.4531	13688.7637	14146.9453	14069.4834	15966.9033	14131.5088	13765.6045	13551.6328	12492.1689	12891.9795	13318.21	11491.4688	11223.4336	12998.6543	14079.1494	14109.3047	12782.0518	11139.998	12003.9385	12132.6748
1.8679	13302.1719	18259.8203	14066.6846	13305.583	13717.6357	15543.1875	14515.7627	12996.1592	12717.9199	11774.5098	11963.6338	13134.0928	10990.2031	11378.1494	12295.5996	13878.4756	13316.416	12334.8311	10431.1895	12185.2207	11376.9424
2.0013	12724.8633	15674.9912	13976.7178	12996.7617	13144.0195	13790.8975	14179.6025	12179.0986	12933.0254	11255.6885	11900.0752	12632.2295	10584.9844	12280.0713	12499.1738	13114.4092	12101.8213	11705.5771	10084.9697	11902.7275	11541.6572
2.1347	12497.7559	13787.6826	13281.3174	13471.6963	12115.084	14959.502	13842.8154	11904.1211	11964.585	11229.54	12041.4404	13011.5332	10078.752	12374.3574	12016.8447	13282.7822	11734.8398	11595.6387	10432.8154	12547.0635	11697.3887
2.2682	13006.127	12238.3496	12749.002	12845.3896	12630.377	14651.5283	13167.9756	11779.7393	12434.0889	11408.2891	NaN	12596.3799	NaN	NaN	12028.25	12805.8057	12034.9229	11930.2383	10458.9404	NaN	11667.3193
2.4016	12050.1973	12455.0762	12623.3965	12794.8818	12032.6279	14491.2803	12171.8291	11330.3506	12324.3564	11640.5088	NaN	12774.7568	NaN	NaN	12665.7275	12204.8418	11673.6104	11833.1523	10367.8955	NaN	11387.4121
2.535	12941.2549	13350.0957	12269.2305	NaN	12230.5986	14268.2803	11549.6533	11595.5049	12045.9717	11496.4941	NaN	12838.7383	NaN	NaN	12381.4336	NaN	12051.4307	11962.2764	NaN	NaN	NaN
2.6684	13083.0977	11869.583	12409.8408	NaN	NaN	NaN	12859.9922	11979.5264	12071.6572	NaN	NaN	NaN	NaN	NaN	NaN	NaN	12576.0771	NaN	NaN	NaN	NaN
2.8019	NaN	11826.999	13052.7412	NaN	NaN	NaN	13378.3486	NaN	11604.499	NaN	NaN	NaN	NaN	NaN	NaN	NaN	NaN	NaN	NaN	NaN	NaN
2.9353	NaN	NaN	NaN	NaN	NaN	NaN	NaN	NaN	NaN	NaN	NaN	NaN	NaN	NaN	NaN	NaN	NaN	NaN	NaN	NaN	NaN
3.0687	NaN	NaN	NaN	NaN	NaN	NaN	NaN	NaN	NaN	NaN	NaN	NaN	NaN	NaN	NaN	NaN	NaN	NaN	NaN	NaN	NaN
3.2021	NaN	NaN	NaN	NaN	NaN	NaN	NaN	NaN	NaN	NaN	NaN	NaN	NaN	NaN	NaN	NaN	NaN	NaN	NaN	NaN	NaN
3.3355	NaN	NaN	NaN	NaN	NaN	NaN	NaN	NaN	NaN	NaN	NaN	NaN	NaN	NaN	NaN	NaN	NaN	NaN	NaN	NaN	NaN
3.469	NaN	NaN	NaN	NaN	NaN	NaN	NaN	NaN	NaN	NaN	NaN	NaN	NaN	NaN	NaN	NaN	NaN	NaN	NaN	NaN	NaN
3.6024	NaN	NaN	NaN	NaN	NaN	NaN	NaN	NaN	NaN	NaN	NaN	NaN	NaN	NaN	NaN	NaN	NaN	NaN	NaN	NaN	NaN
3.7358	NaN	NaN	NaN	NaN	NaN	NaN	NaN	NaN	NaN	NaN	NaN	NaN	NaN	NaN	NaN	NaN	NaN	NaN	NaN	NaN	NaN
3.8692	NaN	NaN	NaN	NaN	NaN	NaN	NaN	NaN	NaN	NaN	NaN	NaN	NaN	NaN	NaN	NaN	NaN	NaN	NaN	NaN	NaN
4.0027	NaN	NaN	NaN	NaN	NaN	NaN	NaN	NaN	NaN	NaN	NaN	NaN	NaN	NaN	NaN	NaN	NaN	NaN	NaN	NaN	NaN
4.1361	NaN	NaN	NaN	NaN	NaN	NaN	NaN	NaN	NaN	NaN	NaN	NaN	NaN	NaN	NaN	NaN	NaN	NaN	NaN	NaN	NaN
4.2695	NaN	NaN	NaN	NaN	NaN	NaN	NaN	NaN	NaN	NaN	NaN	NaN	NaN	NaN	NaN	NaN	NaN	NaN	NaN	NaN	NaN
4.4029	NaN	NaN	NaN	NaN	NaN	NaN	NaN	NaN	NaN	NaN	NaN	NaN	NaN	NaN	NaN	NaN	NaN	NaN	NaN	NaN	NaN
4.5363	NaN	NaN	NaN	NaN	NaN	NaN	NaN	NaN	NaN	NaN	NaN	NaN	NaN	NaN	NaN	NaN	NaN	NaN	NaN	NaN	NaN
4.6698	NaN	NaN	NaN	NaN	NaN	NaN	NaN	NaN	NaN	NaN	NaN	NaN	NaN	NaN	NaN	NaN	NaN	NaN	NaN	NaN	NaN
4.8032	NaN	NaN	NaN	NaN	NaN	NaN	NaN	NaN	NaN	NaN	NaN	NaN	NaN	NaN	NaN	NaN	NaN	NaN	NaN	NaN	NaN
4.9366	NaN	NaN	NaN	NaN	NaN	NaN	NaN	NaN	NaN	NaN	NaN	NaN	NaN	NaN	NaN	NaN	NaN	NaN	NaN	NaN	NaN
5.07	NaN	NaN	NaN	NaN	NaN	NaN	NaN	NaN	NaN	NaN	NaN	NaN	NaN	NaN	NaN	NaN	NaN	NaN	NaN	NaN	NaN
5.2035	NaN	NaN	NaN	NaN	NaN	NaN	NaN	NaN	NaN	NaN	NaN	NaN	NaN	NaN	NaN	NaN	NaN	NaN	NaN	NaN	NaN
5.3369	NaN	NaN	NaN	NaN	NaN	NaN	NaN	NaN	NaN	NaN	NaN	NaN	NaN	NaN	NaN	NaN	NaN	NaN	NaN	NaN	NaN
