x	Y_20180130_15100b_13_1g	Y_20180130_15100b_16_10g	Y_20180130_15100b_16_8g	Y_20180130_15100b_2_11g	Y_20180130_15100b_2_3g	Y_20180130_15100b_22_13g	Y_20180130_15100b_23_11g	Y_20180130_15100b_23_2g	Y_20180130_15100b_23_9g	Y_20180130_15100b_3_1g	Y_20180130_15100b_5_10g	Y_20180130_15100b_5_24g	Y_20180130_15100b_7_17g	Y_20180130_15100b_7_5g	Y_20180130_15100_3_13g	Y_20180130_15100_5_14_2g	Y_20180130_15100_5_2g	Y_20180130_15100_6_19g	Y_20180130_15100_6_5g
0	15328.375	11362.729	14665.854	12735.51	10858.298	13100.019	12158.572	13214.444	11869.325	12383.159	12744.087	13952.012	13174.046	12287.141	13434.46	11773.47	11759.575	10806.414	10732.656
0.1334	16011.991	12630.706	15308.933	13401.19	11280.792	13934.59	12825.294	16131.362	12243.022	13065.995	13995.722	14131.204	15460.125	13248.297	14485.291	12866.698	11918.974	12014.861	11622.652
0.2668	17456.904	14799.325	15526.963	14793.631	12306.217	16606.057	14452.568	17875.109	13137.026	13786.591	16692.973	16258.215	17919.168	13898.598	16666.992	13930.48	12863.543	14440.611	14743.566
0.4003	20223.127	17689.279	19299.148	16492.359	12575.13	19408.93	15896.885	19582.34	14798.944	16637.479	17831.99	16611.975	20832.789	17419.217	19625.77	15291.271	14506.472	18302.434	13924.255
0.5337	21912.135	19871.891	21651.582	17085.195	13972.028	19822.205	16374.887	17774.959	17913.504	21261.551	16324.914	16314.082	21182.398	20863.037	21185.516	16033.978	14666.775	18830.371	14024.313
0.6671	20740.562	16932.223	18477.771	16453.494	15769.982	18808.039	15026.634	16452.73	20302.541	23612.939	14887.797	16167.544	18495.824	19376.078	20292.613	15843.802	13691.679	17743.518	14217.805
0.8005	19440.838	16238.229	15717.968	14676.367	14515.082	17337.963	12926.229	15329.207	18614.15	21305.871	13561.788	16615.727	16152.877	18138.686	18272.328	14864.542	13816.437	15919.519	13678.88
0.934	17828.025	16627.201	15296.637	14753.9	13695.767	15989.395	12616.183	14728.386	16786.93	19560.227	12723.78	16859.668	15423.403	16785.934	17185.133	13478.843	13074.027	15898.839	13949.454
1.0674	18908.725	17100.102	15552.722	14417.814	13784.438	15514.416	13345.806	14827.699	16314.833	18669.117	12416.53	16762.65	15362.993	15807.231	17059.66	13087.564	12782.12	15258.396	13720.258
1.2008	18766.395	17380.691	15120.853	13806.252	13421.518	15223.185	14034.895	14858.151	14922.742	18670.143	12496.98	15950.93	16270.3	15046.703	15942.299	13007.674	12674.793	15202.701	14357.585
1.3342	19034.787	15871.198	14432.948	13995.86	12840.407	13680.825	13909.001	15255.907	16300.491	19414.012	12442.495	15737.352	16525.953	16555.717	15078.524	12589.431	12882.51	15195.724	14194.321
1.4676	18452.332	17134.891	15093.015	14316.812	12957.123	14109.238	13277.241	15466.013	17056.887	21400.742	12603.853	15168.823	15747.617	16510.588	15012.056	12780.263	13143.511	16050.904	14269.616
1.6011	17463.404	16688.152	15572.187	14067.229	13578.101	14722.634	11793.075	17052.498	16356.783	22973.525	12379.07	14641.208	14591.727	16203.996	15143.816	13247.986	12837.029	16223.829	14528.078
1.7345	18822.691	19684.246	15955.759	13289.059	15311.696	15925.907	11621.584	17212.939	15557.146	22357.252	12303.019	15156.386	14906.719	16078.177	14592.081	14071.857	12670.848	16336.278	14677.574
1.8679	17970.547	20545.855	15680.207	14324.849	16013.224	16654.924	12034.6	16201.579	15018.283	22392.887	12131.848	16565.68	15172.436	15715.857	14637.227	14910.287	13169.744	15765.161	13526.63
2.0013	17891.883	17544.85	15270.97	15098.958	16072.672	15480.56	12389.62	14326.993	14423.937	22862.109	12207.52	17452.01	15656.682	15956.342	14502.883	14539.74	13333.56	15332.227	13073.485
2.1348	18877.473	16691.875	15727.599	15616.63	17077.096	15193.719	13358.671	13860.572	14002.388	22924.725	12344.221	17910.232	15438.755	15915.426	14016.35	14660.568	13603.846	16310.561	12884.408
2.2682	19204.42	16393.438	16736.938	16376.018	17480.283	14378.659	13241.817	12950.802	14834.129	21631.143	12364.056	17331.439	14851.629	15033.097	14031.266	14644.315	14375.364	15907.183	11997.296
2.4016	17492.848	16093.079	17989.559	15046.028	17837.248	15069.52	12824.675	12173.933	14852.838	20201.254	11822.66	16041.389	14057.594	14532.063	12848.024	13914.457	16072.33	15950.634	11928.979
2.535	15109.664	14912.771	17591.674	14404.503	15973.197	14675.434	13063.167	12918.846	14005.899	19510.969	12456.987	14593.916	13231.513	13969.961	12377.418	12923.563	15341.021	14777.029	11552.665
2.6684	13580.642	14553.872	17439.965	13923.152	14209.815	14193.872	12633.459	12826.766	12661.094	17128.107	12215.051	15203.763	13579.659	12269.65	12243.084	12413.196	13172.483	14327.806	11639.558
2.8019	13581.067	13491.656	16779.582	12885.688	14349.217	13871.891	11758.848	12988.615	11920.036	15059.652	12745.248	15159.035	14516.385	11919.618	12422.411	12382.341	13055.241	13702.815	11748.023
2.9353	13126.181	12850.239	14499.128	13404.343	13567.138	14062.099	11545.926	13649.241	12039.022	14138.799	12980.903	14102.249	13204.939	12646.031	12419.658	11998.523	12110.202	13415.007	11503.911
3.0687	13701.285	12816.36	13751.287	13668.021	14291.951	13615.747	12293.912	NaN	11901.787	13755.047	NaN	14870.76	13221.8	11669.99	12171.829	12208.254	11815.142	12650.395	NaN
3.2021	NaN	NaN	NaN	13829.819	14157.053	13453.514	12086.54	NaN	12398.056	13473.685	NaN	NaN	NaN	NaN	NaN	11745.09	NaN	13252.099	NaN
3.3356	NaN	NaN	NaN	12504.317	13470.689	NaN	NaN	NaN	NaN	12367.76	NaN	NaN	NaN	NaN	NaN	NaN	NaN	13162.325	NaN
3.469	NaN	NaN	NaN	NaN	NaN	NaN	NaN	NaN	NaN	12590.699	NaN	NaN	NaN	NaN	NaN	NaN	NaN	13039.413	NaN
3.6024	NaN	NaN	NaN	NaN	NaN	NaN	NaN	NaN	NaN	13021.455	NaN	NaN	NaN	NaN	NaN	NaN	NaN	NaN	NaN
3.7358	NaN	NaN	NaN	NaN	NaN	NaN	NaN	NaN	NaN	NaN	NaN	NaN	NaN	NaN	NaN	NaN	NaN	NaN	NaN
3.8692	NaN	NaN	NaN	NaN	NaN	NaN	NaN	NaN	NaN	NaN	NaN	NaN	NaN	NaN	NaN	NaN	NaN	NaN	NaN
4.0027	NaN	NaN	NaN	NaN	NaN	NaN	NaN	NaN	NaN	NaN	NaN	NaN	NaN	NaN	NaN	NaN	NaN	NaN	NaN
4.1361	NaN	NaN	NaN	NaN	NaN	NaN	NaN	NaN	NaN	NaN	NaN	NaN	NaN	NaN	NaN	NaN	NaN	NaN	NaN
4.2695	NaN	NaN	NaN	NaN	NaN	NaN	NaN	NaN	NaN	NaN	NaN	NaN	NaN	NaN	NaN	NaN	NaN	NaN	NaN
4.4029	NaN	NaN	NaN	NaN	NaN	NaN	NaN	NaN	NaN	NaN	NaN	NaN	NaN	NaN	NaN	NaN	NaN	NaN	NaN
4.5363	NaN	NaN	NaN	NaN	NaN	NaN	NaN	NaN	NaN	NaN	NaN	NaN	NaN	NaN	NaN	NaN	NaN	NaN	NaN
4.6698	NaN	NaN	NaN	NaN	NaN	NaN	NaN	NaN	NaN	NaN	NaN	NaN	NaN	NaN	NaN	NaN	NaN	NaN	NaN
4.8032	NaN	NaN	NaN	NaN	NaN	NaN	NaN	NaN	NaN	NaN	NaN	NaN	NaN	NaN	NaN	NaN	NaN	NaN	NaN
4.9366	NaN	NaN	NaN	NaN	NaN	NaN	NaN	NaN	NaN	NaN	NaN	NaN	NaN	NaN	NaN	NaN	NaN	NaN	NaN
5.07	NaN	NaN	NaN	NaN	NaN	NaN	NaN	NaN	NaN	NaN	NaN	NaN	NaN	NaN	NaN	NaN	NaN	NaN	NaN
5.2035	NaN	NaN	NaN	NaN	NaN	NaN	NaN	NaN	NaN	NaN	NaN	NaN	NaN	NaN	NaN	NaN	NaN	NaN	NaN
5.3369	NaN	NaN	NaN	NaN	NaN	NaN	NaN	NaN	NaN	NaN	NaN	NaN	NaN	NaN	NaN	NaN	NaN	NaN	NaN
