x	Y_20180130_15100b_10_11g	Y_20180130_15100b_10_6g	Y_20180130_15100b_11_2g	Y_20180130_15100b_12_5g	Y_20180130_15100b_13_12g	Y_20180130_15100b_13_1g	Y_20180130_15100b_13_3g	Y_20180130_15100b_13_6g	Y_20180130_15100b_16_4g	Y_20180130_15100b_16_6g	Y_20180130_15100b_17_13g	Y_20180130_15100b_19_1g	Y_20180130_15100b_19_7g	Y_20180130_15100b_20_3g	Y_20180130_15100b_20_4g	Y_20180130_15100b_21_14g	Y_20180130_15100b_21_3g	Y_20180130_15100b_21_4g	Y_20180130_15100b_22_11g	Y_20180130_15100b_22_19g	Y_20180130_15100b_22_9g	Y_20180130_15100b_24_14g	Y_20180130_15100b_4_12g	Y_20180130_15100b_4_14g	Y_20180130_15100b_4_20g	Y_20180130_15100b_4_21g	Y_20180130_15100b_5_19g	Y_20180130_15100b_5_6g	Y_20180130_15100b_6_4g	Y_20180130_15100b_6_9g	Y_20180130_15100b_7_11g	Y_20180130_15100b_8_2g
0	37223.125	34380.934	32408.176	33784.664	38116.285	37510.301	37439.852	34305.914	32865.672	36657.277	37792.383	33037.258	34875.859	35627.566	38394.27	45933	33595.68	36602.766	31952.807	31060.918	36601.836	39282.73	38632.254	34862.145	38757.508	32783.664	34228.246	41625.566	35240.926	34445.258	40972.91	37144.652
0.1334	38280.395	33992.957	33507.289	34019.148	38859.98	38113.863	36561.566	34590.355	35089.723	35914.812	37045.582	32381.379	33388.156	35580.559	39104.285	41166.934	32378.328	37414.246	32738.754	29690.715	37020.332	39050.91	39375.598	35682.578	38395.848	32557.252	33142.094	40372.035	36269.723	33808.352	41299.27	35669.652
0.2668	35516.965	34566.562	35886.164	33953.887	38929.48	36690.992	39596.367	33972.742	34179.129	36387.023	36053.211	32034.236	34598.062	35890.629	38640.215	37952.254	32727.221	37976.012	33161.965	30193.4	35699.316	38328.316	38528.238	34584.648	38549.523	32499.922	34416.43	40186.828	37248.441	34293.379	41266.59	38193.129
0.4003	37450.879	34429.461	37172.02	34224.215	38858.812	38312.73	37527.32	34670.879	33705.367	36043.375	39463.762	32475.479	33542.195	34943.352	39594.156	35616.508	32671.422	39918.453	33760.602	32324.939	38294.48	39157.945	37606.785	36269.938	36369.875	32455.512	36939.137	39134.008	36647.855	34765.16	39015.422	37904.227
0.5337	39321.297	34727.707	34861.352	33714.719	40897.43	39416.113	39493.805	34069.984	34254.961	36386.656	37471.035	31895.18	34121.957	36030.605	41602.172	35066.301	33150.016	37898.391	34962.434	32707.031	36959.996	38887.094	37785.691	36835.184	37376.129	32670.439	36749.793	38546.723	38949.586	35612.176	38947.258	37705.398
0.6671	37595.348	35189.703	35595.434	32585.969	38521.883	38419.867	40712.785	34266.242	34360.355	35703.871	38878.789	31508.34	36132.027	34912.133	40441.453	36663.504	33177.109	36848.352	33981.332	32471.285	37345.977	39834.676	39315.141	36865.648	37187.465	31498.941	36006.199	40185.18	38714.012	34413.199	39515.367	37592.039
0.8005	36979.797	35091.102	38022.086	34407.164	36796.887	38153.363	38833.117	33141.363	34550.84	35996.984	38873.387	31571.873	37165.918	35598.195	44812.109	37105.535	34453.039	37115.035	33466.652	33174.602	37743.02	39827.16	39722.539	36483.285	38496.355	32143.875	35111.297	39333.84	36260.746	34397.355	39374.484	37175.699
0.934	39562.234	34295.734	42773.484	33873.168	37337.805	39835.012	40933.332	32951.984	35962.441	37176.699	38576.406	32076.719	41269.461	35112.859	45315.41	35846.445	34536.812	37617.559	34193.078	32522.291	39848.5	40403.43	39183.098	35571.375	37567.055	34354.18	35620.309	40437.082	38894.352	34763.262	39146.312	37107.859
1.0674	39811.68	35486.207	47491.57	33974.312	37211.617	38120.719	41094.426	35169.234	35179.129	39627.664	41475.441	31711.076	49290.973	36154.445	45394.633	38496.758	33232.684	37714.082	34492.098	31918.252	42817.297	42478.836	38920.031	36513.32	37621.156	35518.02	37395.008	40097.199	40709.668	34821.715	38810.742	35884.004
1.2008	39029.902	36300.348	47903.18	33416.523	36772.848	39413.234	44927.609	35752.52	35502.484	45166.566	47926.215	33195.539	62464.379	35552.203	55937.566	36987.168	34058.191	39095.629	35397	33176.387	46870.855	42264.016	39890.195	35846.793	39344.992	36715.738	37123.973	40199.59	42176.805	35668.223	40903.562	37745.199
1.3342	39036.766	37149.922	43345.391	33645.496	38536.055	39971.469	53209.055	37977.852	35528.219	56325.555	58317.324	35268.137	63226.426	37301.727	75599.008	39072.07	36081.605	38630.352	39758.164	35827.648	55854.484	42961.961	43850.969	38689.867	40859.301	41669.918	39629.141	41252.57	41867.469	36566.996	42331.809	36613.715
1.4676	41758.375	42872.805	38039.488	37162.688	38953.258	44802.684	70593.047	41797.176	35334.355	64293.223	82913.672	36733.199	49588.379	39984.105	103636.742	40606.469	37077.902	40238.094	45358.703	46532.898	72931.641	53419.613	51397.137	38704.359	44382.406	55028.387	41788.477	41808.258	40603.77	38400.258	49159.219	38511.848
1.6011	43042.418	50926.812	35991.02	41322.027	40180.184	48682.93	80246.094	48130.746	34777.648	56894.789	83358.555	42775.656	39922.438	48666.148	102025.797	43692.645	40728.52	48206.242	42852.379	58177.164	79327.703	70333.328	62173.07	40527.34	49555.582	75177.547	50176.766	45876.211	44198.695	39196.855	60702.266	42742.348
1.7345	54172.098	52711.266	NaN	52824.879	40887.148	54734.91	62463.445	49000.207	36748.457	44290.836	59811.141	61137.762	38335.934	60313.5	71650.75	55698.207	51723.484	56250.664	39494.438	63747.77	61264.766	79267.383	69068.172	47358.395	57340.602	80850	72823.07	56684.609	48806.492	44962.426	66956.766	50920.059
1.8679	66934.578	46242.555	NaN	72822.922	45673.941	59647.926	48476.43	41601.004	38879.855	40225.598	44696.953	89719.109	37992.094	65242.156	52059.891	70562.688	53059.965	55723.73	36979.027	53926.07	45886.328	67104.5	59622.375	59622.117	55548.84	60501.441	88194.047	77602.797	55105.93	50835.902	54387.391	59974.984
2.0013	68691.289	41692.938	NaN	83233.109	51400.027	56747.293	44482.227	37407.848	41132.754	NaN	40496.551	93879.422	36983.805	55009.957	NaN	61649.723	46944.781	46881.547	35747.371	40744.836	NaN	52464.738	47760.461	59581.793	47706.734	44580.68	74091.352	84527.188	52470.07	47400.789	44909.707	57319.164
2.1348	53859.52	NaN	NaN	67745.82	50879.895	46257.215	NaN	36274.477	46142.281	NaN	40922.359	68501.117	NaN	46367.695	NaN	46441.469	38743.059	42965.547	NaN	NaN	NaN	44421.023	41892.828	50155.906	40743.621	39605.012	52722.781	68420.422	44227.781	40772.352	40606.133	48382.496
2.2682	44618.441	NaN	NaN	52314.43	44587.215	45269.254	NaN	33954.402	45853.988	NaN	NaN	46426.938	NaN	40122.02	NaN	40211.617	34197.074	38722.406	NaN	NaN	NaN	NaN	NaN	41754.336	37919.168	NaN	41848.281	50306.125	39860.805	38935.773	39890.48	42843.871
2.4016	39878.074	NaN	NaN	42222.422	40120.016	42669.207	NaN	NaN	40094.777	NaN	NaN	36484.648	NaN	37319.223	NaN	36208.172	33269.418	NaN	NaN	NaN	NaN	NaN	NaN	38178.648	NaN	NaN	39201.344	43842.938	NaN	NaN	NaN	NaN
2.535	38495.43	NaN	NaN	39714.695	38514.297	41019.316	NaN	NaN	35386.281	NaN	NaN	32979.77	NaN	NaN	NaN	NaN	NaN	NaN	NaN	NaN	NaN	NaN	NaN	NaN	NaN	NaN	38290.914	41576.805	NaN	NaN	NaN	NaN
2.6684	NaN	NaN	NaN	NaN	NaN	NaN	NaN	NaN	33301.25	NaN	NaN	NaN	NaN	NaN	NaN	NaN	NaN	NaN	NaN	NaN	NaN	NaN	NaN	NaN	NaN	NaN	NaN	NaN	NaN	NaN	NaN	NaN
2.8019	NaN	NaN	NaN	NaN	NaN	NaN	NaN	NaN	32977.609	NaN	NaN	NaN	NaN	NaN	NaN	NaN	NaN	NaN	NaN	NaN	NaN	NaN	NaN	NaN	NaN	NaN	NaN	NaN	NaN	NaN	NaN	NaN
2.9353	NaN	NaN	NaN	NaN	NaN	NaN	NaN	NaN	32926.883	NaN	NaN	NaN	NaN	NaN	NaN	NaN	NaN	NaN	NaN	NaN	NaN	NaN	NaN	NaN	NaN	NaN	NaN	NaN	NaN	NaN	NaN	NaN
3.0687	NaN	NaN	NaN	NaN	NaN	NaN	NaN	NaN	NaN	NaN	NaN	NaN	NaN	NaN	NaN	NaN	NaN	NaN	NaN	NaN	NaN	NaN	NaN	NaN	NaN	NaN	NaN	NaN	NaN	NaN	NaN	NaN
3.2021	NaN	NaN	NaN	NaN	NaN	NaN	NaN	NaN	NaN	NaN	NaN	NaN	NaN	NaN	NaN	NaN	NaN	NaN	NaN	NaN	NaN	NaN	NaN	NaN	NaN	NaN	NaN	NaN	NaN	NaN	NaN	NaN
3.3356	NaN	NaN	NaN	NaN	NaN	NaN	NaN	NaN	NaN	NaN	NaN	NaN	NaN	NaN	NaN	NaN	NaN	NaN	NaN	NaN	NaN	NaN	NaN	NaN	NaN	NaN	NaN	NaN	NaN	NaN	NaN	NaN
3.469	NaN	NaN	NaN	NaN	NaN	NaN	NaN	NaN	NaN	NaN	NaN	NaN	NaN	NaN	NaN	NaN	NaN	NaN	NaN	NaN	NaN	NaN	NaN	NaN	NaN	NaN	NaN	NaN	NaN	NaN	NaN	NaN
3.6024	NaN	NaN	NaN	NaN	NaN	NaN	NaN	NaN	NaN	NaN	NaN	NaN	NaN	NaN	NaN	NaN	NaN	NaN	NaN	NaN	NaN	NaN	NaN	NaN	NaN	NaN	NaN	NaN	NaN	NaN	NaN	NaN
3.7358	NaN	NaN	NaN	NaN	NaN	NaN	NaN	NaN	NaN	NaN	NaN	NaN	NaN	NaN	NaN	NaN	NaN	NaN	NaN	NaN	NaN	NaN	NaN	NaN	NaN	NaN	NaN	NaN	NaN	NaN	NaN	NaN
3.8692	NaN	NaN	NaN	NaN	NaN	NaN	NaN	NaN	NaN	NaN	NaN	NaN	NaN	NaN	NaN	NaN	NaN	NaN	NaN	NaN	NaN	NaN	NaN	NaN	NaN	NaN	NaN	NaN	NaN	NaN	NaN	NaN
4.0027	NaN	NaN	NaN	NaN	NaN	NaN	NaN	NaN	NaN	NaN	NaN	NaN	NaN	NaN	NaN	NaN	NaN	NaN	NaN	NaN	NaN	NaN	NaN	NaN	NaN	NaN	NaN	NaN	NaN	NaN	NaN	NaN
