x	Y_20181208_15100_13_10g_left	Y_20181208_15100_13_4g_left	Y_20181208_15100_15_8g_left	Y_20181208_15100_16_2g	Y_20181208_15100_27_1g_left	Y_20181208_15100_6_1g	Y_20181208_15100_6_4g_left	Y_20181208_15100_8_1g_left	Y_20181208_15100_11_5g	Y_20181208_15100_13_3g_right	Y_20181208_15100_16_4g_right	Y_20181208_15100_16_8g	Y_20181208_15100_18_6g_right	Y_20181208_15100_19_3g_right	Y_20181208_15100_20_9g	Y_20181208_15100_21_11g	Y_20181208_15100_22_10g	Y_20181208_15100_22_4g	Y_20181208_15100_27_1g_right	Y_20181208_15100_27_7g	Y_20181208_15100_6_4g_right
0	31704.4941	30650.4766	28913.1387	28640.8809	28371.1992	30203.291	26376.2109	29515.9395	34471.9023	26500.5332	26318.7656	30102.9414	29247.4141	25125.2383	31639.9727	31560.0664	32304.7656	28757.7344	15689.7109	26506.6172	30195.1348
0.1334	31959.4043	30790.2969	28277.8828	28414.3145	29848.0879	31863.5508	27828.4727	28888.9531	30741.666	26929.8906	25984.127	30485.4668	29759.7363	24912.2324	31545.5117	32748.6543	34063.3164	28303.873	15117.7139	26367.7852	31734.5898
0.2668	32320.1426	30566.2207	28317.6934	27925.5039	28710.0234	31121.4824	27528.457	28767.6562	33750.293	27382.9648	26688.5508	30413.5137	31356.0371	25056.7383	32278.0566	31710.9707	33451.2305	28268.4766	15402.1113	25491.377	31566.2363
0.4003	32226.3203	29649.373	28177.5762	27516.8438	30775.1934	30325.0664	26587.7031	29650.1328	30397.3027	27941.7988	28315.4395	29867.6152	30633.7734	25401.7988	32224.6406	30878.4961	33620.5625	29508.209	20489.3652	26022.4375	31026.6543
0.5337	31121.3828	29035.6992	28601.7617	27492.7539	30175.5391	28879.752	26503.4531	29951.3398	33276.0078	26833.5898	27363.2285	31663.1289	29231.5996	25836.2578	32062.9199	31976.918	33234.9922	29530.2559	20104.4121	25774.7012	30367.4199
0.6671	31126.3301	29624.0703	30209.6133	28361.209	31317.1582	30050.0098	26766.4609	29326.8145	32430.373	28592.6914	27758.3848	30592.2637	30700.625	25131.5293	32071.8008	32181.0059	32062.0195	30524.0098	21185.3555	26555.4316	30611.9922
0.8005	30682.5781	30474.7363	30762.8027	29679.248	31275.959	31615.4727	25978.7207	30534.2012	31751.168	28406.498	29751.2773	31368.127	31740.7656	25177.0469	35205.4336	32613.3223	32640.7031	29408.4668	21157.4121	26828.0605	30443.0938
0.934	31644.623	30185.9297	31735.9473	29158.5449	31963.8555	31044.9922	26158.584	29873.5391	34627.2617	30659.959	33293.6562	31669.5391	34004.9414	26036.1113	38333.6289	32906.5117	33576	30904.0605	23894.5449	28328.5273	29352.3145
1.0674	31641.9395	31396.9629	32704.416	30361.4297	33693.5352	33442.9922	27612.1309	30059.9648	35565.9727	30753.541	39890.8281	34055.4023	39865.207	26594.8633	41213.3125	32778.0703	32733.1406	32100.3945	26729.6816	28974.1484	30714.0527
1.2008	32752.8027	30917.084	33442.625	33729.0977	37635.7773	37565.0898	27595.8125	30583.2539	37641.2227	33515.4922	58561.8633	39296.125	52881.7188	29142.543	55605.5156	34946.6172	33728.4883	34226.7188	42724.9297	33546.543	32801.1172
1.3342	36561.2227	32426.6074	38799.3281	36622.6641	49210.7773	48192.1602	28456.6309	31859.041	46631.0469	37373.9023	85282.9062	58884.3398	71932.8828	35074.5391	81661.3438	35979.2773	32995.0938	41742.2617	67461.7188	42978.3398	36578.3672
1.4676	42476.707	33436.1328	55329.1875	47514.6094	69536.3594	71003.4688	29635.1621	33287.4648	73430.625	47344.0195	93717.4531	94061.1406	83204.5625	50130.8867	124666.3828	42072.7305	36613.2383	53670.4336	100879.3281	60981.4062	47299.1602
1.6011	55359.3398	43911.1211	89601.6172	66998.7734	81616.2344	98029.5703	34306.6523	37832.2617	137173.6094	66571.5781	69056.1641	119013.5781	66910.3984	65858.3828	136770.0469	56513.7656	43999.6172	80306.2344	111591.1797	79435.1875	64976.1914
1.7345	74162.7578	63883.6914	124128.5938	87905.25	69103.3438	92257.8281	48689.8242	45930.4844	174783.7969	79793.6172	44615.5117	96596.3906	47940.293	63167.7344	95172.3516	80245.8203	66127.8281	89572.9141	86203.5	75255.3984	75504.4688
1.8679	70541.9766	101908.3125	107057.9844	80066.2344	47060.9805	59035.4062	76628.7812	57324.4062	137184.6406	64597.3398	33306.2148	60037.668	38179.0156	47489.2109	59870.1914	93379.4062	96459.8984	65689.2812	53716.9688	52514.8828	60152.6836
2.0013	50013.8164	101707.3984	69488.6094	51805.4766	35923.1523	43365.8398	80965.9453	56565.4375	73739.1094	42945.5898	29647.4336	43665.3984	33191.5938	40227.7422	46332.7852	74012.1094	93220.7422	44047.2578	38761.375	39721.7969	42079.4141
2.1347	39050.418	64295.918	44174.1992	37543.9297	33257.1992	36995.1328	59187.1133	42951.5391	49101.0703	36147.875	28395.3633	36182.8594	30497.2637	45418.6172	40029.6836	52068.1211	65576.6875	37558.0781	31777.1055	34027.5312	34846.0391
2.2682	35346.1719	44668.6094	36728.5742	32926.9727	32065.5293	32284.1367	42718.75	36489.9727	39673.2773	32218.0898	NaN	34124.5977	NaN	NaN	39229.4453	39912.7656	48704.7812	34324.6094	28625.3086	NaN	33599.8594
2.4016	34517.9844	37202.7383	33336.4492	30332.75	30906.9629	31841.666	36264.8281	33700.7461	37477.0586	30264.1016	NaN	34750.2891	NaN	NaN	39594.4883	36147.7148	41070.3516	32042.9492	28350.7324	NaN	31946.2598
2.535	32853.9297	34946.7812	32654.8496	NaN	31540.1465	32222.0391	32536.002	32133.9004	34492.543	29424.6758	NaN	32953.2188	NaN	NaN	39963.7578	NaN	35972.4336	32116.2324	NaN	NaN	NaN
2.6684	31955.3711	32771.7773	29793.5762	NaN	NaN	NaN	30219.6289	30808.5371	35532.3594	NaN	NaN	NaN	NaN	NaN	NaN	NaN	35297.6758	NaN	NaN	NaN	NaN
2.8019	NaN	31364.4824	31350.3965	NaN	NaN	NaN	28130.793	NaN	32632.5859	NaN	NaN	NaN	NaN	NaN	NaN	NaN	NaN	NaN	NaN	NaN	NaN
2.9353	NaN	NaN	NaN	NaN	NaN	NaN	NaN	NaN	NaN	NaN	NaN	NaN	NaN	NaN	NaN	NaN	NaN	NaN	NaN	NaN	NaN
3.0687	NaN	NaN	NaN	NaN	NaN	NaN	NaN	NaN	NaN	NaN	NaN	NaN	NaN	NaN	NaN	NaN	NaN	NaN	NaN	NaN	NaN
3.2021	NaN	NaN	NaN	NaN	NaN	NaN	NaN	NaN	NaN	NaN	NaN	NaN	NaN	NaN	NaN	NaN	NaN	NaN	NaN	NaN	NaN
3.3355	NaN	NaN	NaN	NaN	NaN	NaN	NaN	NaN	NaN	NaN	NaN	NaN	NaN	NaN	NaN	NaN	NaN	NaN	NaN	NaN	NaN
3.469	NaN	NaN	NaN	NaN	NaN	NaN	NaN	NaN	NaN	NaN	NaN	NaN	NaN	NaN	NaN	NaN	NaN	NaN	NaN	NaN	NaN
3.6024	NaN	NaN	NaN	NaN	NaN	NaN	NaN	NaN	NaN	NaN	NaN	NaN	NaN	NaN	NaN	NaN	NaN	NaN	NaN	NaN	NaN
3.7358	NaN	NaN	NaN	NaN	NaN	NaN	NaN	NaN	NaN	NaN	NaN	NaN	NaN	NaN	NaN	NaN	NaN	NaN	NaN	NaN	NaN
3.8692	NaN	NaN	NaN	NaN	NaN	NaN	NaN	NaN	NaN	NaN	NaN	NaN	NaN	NaN	NaN	NaN	NaN	NaN	NaN	NaN	NaN
4.0027	NaN	NaN	NaN	NaN	NaN	NaN	NaN	NaN	NaN	NaN	NaN	NaN	NaN	NaN	NaN	NaN	NaN	NaN	NaN	NaN	NaN
4.1361	NaN	NaN	NaN	NaN	NaN	NaN	NaN	NaN	NaN	NaN	NaN	NaN	NaN	NaN	NaN	NaN	NaN	NaN	NaN	NaN	NaN
4.2695	NaN	NaN	NaN	NaN	NaN	NaN	NaN	NaN	NaN	NaN	NaN	NaN	NaN	NaN	NaN	NaN	NaN	NaN	NaN	NaN	NaN
4.4029	NaN	NaN	NaN	NaN	NaN	NaN	NaN	NaN	NaN	NaN	NaN	NaN	NaN	NaN	NaN	NaN	NaN	NaN	NaN	NaN	NaN
4.5363	NaN	NaN	NaN	NaN	NaN	NaN	NaN	NaN	NaN	NaN	NaN	NaN	NaN	NaN	NaN	NaN	NaN	NaN	NaN	NaN	NaN
4.6698	NaN	NaN	NaN	NaN	NaN	NaN	NaN	NaN	NaN	NaN	NaN	NaN	NaN	NaN	NaN	NaN	NaN	NaN	NaN	NaN	NaN
4.8032	NaN	NaN	NaN	NaN	NaN	NaN	NaN	NaN	NaN	NaN	NaN	NaN	NaN	NaN	NaN	NaN	NaN	NaN	NaN	NaN	NaN
4.9366	NaN	NaN	NaN	NaN	NaN	NaN	NaN	NaN	NaN	NaN	NaN	NaN	NaN	NaN	NaN	NaN	NaN	NaN	NaN	NaN	NaN
5.07	NaN	NaN	NaN	NaN	NaN	NaN	NaN	NaN	NaN	NaN	NaN	NaN	NaN	NaN	NaN	NaN	NaN	NaN	NaN	NaN	NaN
5.2035	NaN	NaN	NaN	NaN	NaN	NaN	NaN	NaN	NaN	NaN	NaN	NaN	NaN	NaN	NaN	NaN	NaN	NaN	NaN	NaN	NaN
5.3369	NaN	NaN	NaN	NaN	NaN	NaN	NaN	NaN	NaN	NaN	NaN	NaN	NaN	NaN	NaN	NaN	NaN	NaN	NaN	NaN	NaN
