x	Y_20180130_15100b_13_1g	Y_20180130_15100b_16_10g	Y_20180130_15100b_16_8g	Y_20180130_15100b_2_11g	Y_20180130_15100b_2_3g	Y_20180130_15100b_22_13g	Y_20180130_15100b_23_11g	Y_20180130_15100b_23_2g	Y_20180130_15100b_23_9g	Y_20180130_15100b_3_1g	Y_20180130_15100b_5_10g	Y_20180130_15100b_5_24g	Y_20180130_15100b_7_17g	Y_20180130_15100b_7_5g	Y_20180130_15100_3_13g	Y_20180130_15100_5_14_2g	Y_20180130_15100_5_2g	Y_20180130_15100_6_19g	Y_20180130_15100_6_5g
0	36506.773	38951.047	37856.016	37956.164	34173.391	38587.973	33419.055	37485.516	36364.895	39996.074	33917.309	38514.551	36718.719	33354.363	41530.615	39883.8825	40159.7275	38273.285	38354.73
0.1334	36308.074	37739.027	40676.402	38775.629	35473.652	40651.504	33617.395	38269.84	38556.91	37447.73	34597.789	38925.605	37476.812	33814.125	41923.0525	41796.1175	41325.4925	39587.505	38989.7975
0.2668	36988.859	37871.277	39879.719	37919.816	33648.238	39800.145	32086.336	37283.086	38157.332	37298.945	33207.117	39882.594	38183.184	34949.371	40063.8275	40590.02	39336.185	39594.1375	40878.4825
0.4003	37420.164	38259.238	40439.609	36925.848	35155.238	40215.453	32440.846	37521.129	35973.637	37457.633	31702.428	40221.406	39030.832	33737.262	40118.445	39089.34	40906.6025	38136.425	38412.5125
0.5337	37854.793	39716.293	40236.203	37418.066	34757.004	38835.004	33832.434	36694.684	37642.707	39027.43	32619.26	38903.051	37854.691	31724.977	42616.3825	42120.1475	41081.265	39791.5975	42091.855
0.6671	36654.488	37567.703	38004.816	37095.656	34519.594	38202.699	33454.773	36270.961	37080.566	38213.574	32481.434	39774.453	39265.508	33215.719	42076.5875	39830.68	39468.83	41519.0725	38218.4075
0.8005	38519.129	38384.773	38617.016	36843.672	34738.648	39632.508	33980.641	37018.625	39194.477	37867.691	31751.346	40611.062	39108.059	33739.496	38808.07	40421.96	40737.9525	38598.6175	39400.22
0.934	38481.113	39454.215	40295.918	36472.031	35474.414	40083.062	33197.637	36942.988	39652.902	37503.781	31777.537	39796.336	39732.648	32498.943	39698.67	40387.665	38151.6525	39320.27	38871.7175
1.0674	39306.719	39464.395	39872.254	37135.801	34980.32	38234.383	33943.812	38799.27	39161.633	38204.445	31837.172	39545.461	40609.559	33869.672	39974.9625	42058.58	39524.2475	39213.965	43237.74
1.2008	39941.785	41493.484	41248.035	36463.234	33924.941	37370.512	33593.613	37437.578	39164.234	38317.051	31608.086	39644.75	40425.117	34150.594	40448.505	41468.8475	39050.095	41098.4625	39609.9175
1.3342	36962.789	40807.012	39397.496	37350.113	33365.664	39522.82	33412.598	37690.559	39241.57	39049.176	31669.018	40055.277	43417.824	34715.344	40193.4075	39944.92	37849.1425	39748.79	40032.815
1.4676	37118.402	39686.258	39841.297	39124.945	33791.328	39474.012	33203	39134.855	39530.055	39851.434	33736.219	40062.855	40011.062	33951.301	38262.3825	40899.0775	36714.4875	41444.6675	40543.155
1.6011	37293.641	41408.754	36727.719	37920.688	34402.844	37279.797	34372.848	38770.109	39391.266	39852.742	32479.816	39648.363	37723.988	33531.125	39302.2725	40852.11	38029.9125	41552.475	40425.9975
1.7345	38433.387	39787.648	37407.836	38816.293	33336.301	39181.695	35018.746	39497.211	37725.164	39521.332	33624.734	39579.992	37633.172	34842.508	42074.595	40911.8275	39963.115	41776.5575	43824.5225
1.8679	40262.852	39016.156	37222.266	39390.777	32658.17	39923.879	35713.004	39215.926	38930.262	38954.062	34861.695	41331.648	36355.367	37505.395	40447.7725	44233.725	39827.4975	40654.2825	44131.9875
2.0013	39639.102	41083.535	39819.621	39656.973	34717.637	38363.789	36505.066	40367.469	39062.984	38757.406	36641.68	42308.672	38803.402	43009.219	42880.8	44146.9625	39606.3525	42436.035	53813.34
2.1348	41619.102	42347.297	40126.66	41454.285	35292.68	39369.145	38906.031	44443.988	36719.402	40509.664	43051.543	49382.148	39139.301	50649.82	44566.5625	47434.205	38862.5	43253.2525	73640.9375
2.2682	48868.566	49492.832	45036.98	47797.102	38281.207	43262.457	44644.188	53712.66	37572.027	41998.164	59285.664	64534.824	41291.223	55925.234	47697.4225	50205.3475	44895.7325	47495.7225	103613.575
2.4016	66959.172	64399.867	61921.766	63660.039	46821.637	50169.316	59352.891	75660.758	43491.723	43410.109	80939.156	94100.664	45659.125	61663.527	57692.8625	60529.6675	55716.1575	60202.915	109331.015
2.535	94889.484	94768.922	93803.602	92397.609	68200.922	70733.906	86810.984	89750.477	50213.621	56498.633	87479.648	113251.211	57198.926	73001.766	77649.78	78308.36	72288.6575	91247.1975	78942.4375
2.6684	111725.828	115193.891	119975.898	115076.555	100772.781	94799.102	109555.062	73160.984	67890.688	80042.055	66385.945	87910.359	72562.219	77319.492	84326.7775	83489.4325	79562.7775	123638.4575	57630.825
2.8019	89443.188	94258.148	106335.883	88949.898	108099.195	91352.844	91311.609	52826.695	87263.828	99618.773	45681.223	60789.457	68446.078	65357.754	65759.74	71753.2375	60584.185	115202.305	46394.415
2.9353	61808.633	65338	66537.781	57912.535	74876.242	66974.648	60980.918	44252.305	85154.125	82235.172	37200.031	48185.691	54595.941	46459.766	51613.15	56456.1125	45730.3025	78800.05	46092.5975
3.0687	50548.168	51367.617	51280.887	47416.793	50920.633	52992.402	45321.875	NaN	60221.969	60789.07	NaN	44715.391	44727.184	40986.242	42910.3375	45997.925	41417.1425	57426.03	NaN
3.2021	NaN	NaN	NaN	44424.637	39176.586	45614.086	39705.098	NaN	48249.746	47584.23	NaN	NaN	NaN	NaN	NaN	43178.105	NaN	50915.1425	NaN
3.3356	NaN	NaN	NaN	42549.645	36703.207	NaN	NaN	NaN	NaN	42919.707	NaN	NaN	NaN	NaN	NaN	NaN	NaN	46804.845	NaN
3.469	NaN	NaN	NaN	NaN	NaN	NaN	NaN	NaN	NaN	40374.199	NaN	NaN	NaN	NaN	NaN	NaN	NaN	47412.3825	NaN
3.6024	NaN	NaN	NaN	NaN	NaN	NaN	NaN	NaN	NaN	39578.711	NaN	NaN	NaN	NaN	NaN	NaN	NaN	NaN	NaN
3.7358	NaN	NaN	NaN	NaN	NaN	NaN	NaN	NaN	NaN	NaN	NaN	NaN	NaN	NaN	NaN	NaN	NaN	NaN	NaN
3.8692	NaN	NaN	NaN	NaN	NaN	NaN	NaN	NaN	NaN	NaN	NaN	NaN	NaN	NaN	NaN	NaN	NaN	NaN	NaN
4.0027	NaN	NaN	NaN	NaN	NaN	NaN	NaN	NaN	NaN	NaN	NaN	NaN	NaN	NaN	NaN	NaN	NaN	NaN	NaN
4.1361	NaN	NaN	NaN	NaN	NaN	NaN	NaN	NaN	NaN	NaN	NaN	NaN	NaN	NaN	NaN	NaN	NaN	NaN	NaN
4.2695	NaN	NaN	NaN	NaN	NaN	NaN	NaN	NaN	NaN	NaN	NaN	NaN	NaN	NaN	NaN	NaN	NaN	NaN	NaN
4.4029	NaN	NaN	NaN	NaN	NaN	NaN	NaN	NaN	NaN	NaN	NaN	NaN	NaN	NaN	NaN	NaN	NaN	NaN	NaN
4.5363	NaN	NaN	NaN	NaN	NaN	NaN	NaN	NaN	NaN	NaN	NaN	NaN	NaN	NaN	NaN	NaN	NaN	NaN	NaN
4.6698	NaN	NaN	NaN	NaN	NaN	NaN	NaN	NaN	NaN	NaN	NaN	NaN	NaN	NaN	NaN	NaN	NaN	NaN	NaN
4.8032	NaN	NaN	NaN	NaN	NaN	NaN	NaN	NaN	NaN	NaN	NaN	NaN	NaN	NaN	NaN	NaN	NaN	NaN	NaN
4.9366	NaN	NaN	NaN	NaN	NaN	NaN	NaN	NaN	NaN	NaN	NaN	NaN	NaN	NaN	NaN	NaN	NaN	NaN	NaN
5.07	NaN	NaN	NaN	NaN	NaN	NaN	NaN	NaN	NaN	NaN	NaN	NaN	NaN	NaN	NaN	NaN	NaN	NaN	NaN
5.2035	NaN	NaN	NaN	NaN	NaN	NaN	NaN	NaN	NaN	NaN	NaN	NaN	NaN	NaN	NaN	NaN	NaN	NaN	NaN
5.3369	NaN	NaN	NaN	NaN	NaN	NaN	NaN	NaN	NaN	NaN	NaN	NaN	NaN	NaN	NaN	NaN	NaN	NaN	NaN
