x	Y_20180130_15100b_1_13g	Y_20180130_15100b_1_5g	Y_20180130_15100b_1_8g	Y_20180130_15100b_10_13g	Y_20180130_15100b_10_14g	Y_20180130_15100b_10_7g	Y_20180130_15100b_12_1g	Y_20180130_15100b_12_8g	Y_20180130_15100b_13_2g	Y_20180130_15100b_13_4g	Y_20180130_15100b_15_15_1g	Y_20180130_15100b_15_2g	Y_20180130_15100b_15_7g	Y_20180130_15100b_16_12g	Y_20180130_15100b_17_4g	Y_20180130_15100b_18_10g	Y_20180130_15100b_18_11g	Y_20180130_15100b_18_8g	Y_20180130_15100b_18_9g	Y_20180130_15100b_2_8g	Y_20180130_15100b_20_14g	Y_20180130_15100b_20_5_2g	Y_20180130_15100b_21_1g	Y_20180130_15100b_4_17g	Y_20180130_15100b_4_7g	Y_20180130_15100b_5_15g	Y_20180130_15100b_6_2g	Y_20180130_15100b_7_13g	Y_20180130_15100b_7_16g	Y_20180130_15100b_8_3g	Y_20180130_15100_1_6g	Y_20180130_15100_2_3g	Y_20180130_15100_3_12g	Y_20180130_15100_3_14g	Y_20180130_15100_4_6g	Y_20180130_15100_5_19g	Y_20180130_15100_5_6g	Y_20180130_15100_7_1g	Y_20180130_15100_7_4g
0	11205.619	11744.3	11869.2	12504.521	13737.777	14213.363	13109.888	13904.81	12986.8	12784.119	14380.064	11941.734	13248.478	14659.788	12778.318	13208.753	12551.048	13418.499	13976.979	12620.468	14786.455	11955.557	11745.263	12727.458	13993.633	12261.67	13746.343	13329.646	12274.272	13194.844	12416.075	11363.224	10531.344	12533.242	14129.626	12850.823	12308.907	10885.021	10884.352
0.1334	11146.308	13152.863	12897.406	13021.057	14098.317	14923.965	13787.938	14169.492	14504.799	13775.067	15396.213	12646.907	14340.131	14036.998	14118.093	14550.075	13693.479	14373.358	14044.424	13638.98	15068.959	12643.708	12774.272	13709.672	13666.776	12530.233	15609.225	13598.776	12902.859	14141.802	12708.674	11409.73	11965.211	13399.264	13966.463	13026.663	12086.43	11584.067	11742.248
0.2668	12308.519	15803.495	13183.375	15171.948	16099.225	17140.445	15498.16	14424.472	18266.75	13967.837	16123.277	14621.804	16409.801	15484.575	15661.45	17093.627	15645.238	15858.024	14533.069	15251.297	16903.176	14640.212	14540.807	17235.502	14075.284	13420.369	20077.037	15402.207	14170.219	17252.26	13398.035	11963.08	13856.652	13537.396	14907.419	13734.488	14015.86	13073.46	12390.77
0.4003	14174.113	15077.807	14861.61	16964.764	19574.562	21311.141	18064.297	17418.693	22697	15809.361	18594.834	17901.855	20679.16	17976.916	16817.752	18229.838	18745.383	17663.895	16232.346	16766.117	18680.955	16956.965	17024.201	24275.787	15664.68	16595.098	21778.498	16824.129	16915.039	21209.25	16629.26	12238.805	16079.308	15514.087	16647.094	15134.878	15427.42	14880.334	14861.083
0.5337	15024.923	14193.692	15356.2	16842.637	19875.418	23642.977	19664.25	19306.24	23341.428	19235.283	18886.096	19513.42	24244.777	20673.248	15569.852	16180.265	19621.846	16151.513	18221.139	19526.555	21670.027	16800.377	19271.027	27336.988	17902.203	17698.551	18968.66	19694.91	19036.496	23716.365	18428.439	13832.704	18337.344	18121.859	18102.85	18783.416	15849.694	16850.096	16306.671
0.6671	14846.101	13917.642	15096.474	16080.946	17317.518	21885.992	19374.613	18439.748	20472.666	23959.879	17716.758	18568.352	21980.479	20893.557	13746.28	14330.69	19219.24	15349.888	19486.15	19905.867	20802.686	15460.312	19521.756	23847.752	18067.039	16974.961	17227.416	21691.328	18414.85	20430.807	17132.547	15958.346	18807.02	18750.51	16341.625	18624.713	15820.791	15917.438	17321.91
0.8005	13037.544	13673.875	14030.167	14811.207	16752.648	19400.293	17659.654	14545.932	16906.566	21639.225	16390.191	15300.409	19244.301	19833.895	14082.744	13637.357	17086.943	15304.664	17439.619	17169.068	19777.4	13984.564	17715.203	20570.791	16453.721	16367.869	16228.441	20227.043	16530.002	17302.422	15276.007	15218.206	15299.031	18014.826	14718.967	17244.529	16248.957	14781.679	15875.169
0.934	12118.758	13555.29	13452.085	14749.648	17203.203	18243.355	15266.034	12899.884	16003.5	18642.402	15131.917	13547.978	17505.801	18545.99	14211.135	13844.592	16221.101	14829.529	16343.397	17359.871	17831.543	13930.494	17659.354	17979.119	13948.705	15629.338	15771.233	16566.629	15196.101	16002.6	13352.508	14130.357	14591.933	16324.056	15112.726	16256.041	17018.402	13777.704	13675.388
1.0674	11621.977	14081.161	13759.72	14071.279	18912.844	16936.318	15278.303	13080.942	15765.441	17210.406	14277.229	12845.019	16535.186	18308.633	12559.68	12942.324	16423.352	13315.501	16497.588	19178.408	16653.842	13623.734	17969.346	18082.758	13437.769	15159.155	15260.172	15129.659	15329.828	15770.429	13089.413	14527.521	14523.046	16652.941	15512.139	16613.572	15374.352	14968.615	13054.319
1.2008	11879.092	13639.706	15288.716	14128.748	18734.273	17773.637	15221.017	12502.05	13372.419	16315.741	14101.707	13408.287	15860.313	18141.504	12329.544	13468.745	17696.93	13265.627	17624.992	18122.57	16449.121	13887.133	18727.34	18582.699	13006.955	15054.186	13620	14558.423	14145.971	16159.155	12283.146	15096.893	14948.367	16178.578	15156.793	16795.035	15142.605	14520.024	13997.897
1.3342	11975.888	14245.407	14196.542	13595.312	18224.768	16796.283	15574.201	13565.174	13845.083	16408.014	13730.145	13926.618	15904.409	17513.312	12660.143	14392.577	17843.486	12784.97	15199.025	15537.053	15496.107	13637.367	18872.723	17366.75	13608.807	15358.561	13816.64	14695.476	16982.602	15544.385	12841.731	15734.617	15386.143	17122.299	14386.401	16864.203	14418.694	15333.075	14203.708
1.4676	11969.054	13455.878	13564.197	14239.491	17744.168	15029.989	14433.621	14121.457	13252.09	16700.068	13428.542	14831.017	15527.398	15510.739	11832.554	17390.057	17186.123	11994.706	13335.454	14521.816	14405.64	13157.992	17096.262	16452.141	14136.087	15798.209	13075.676	14641.416	18709.438	15141.879	13056.638	15057.168	17372.648	16572.936	13668.803	16139.025	13405.279	15080.294	13739.024
1.6011	12016.177	12785.349	14172.702	15675.363	15753.236	14236.352	13500.589	13267.048	12944.868	16235.691	13665.612	16315.241	14682.749	14448.603	12489.329	17103.855	16401.354	11555.398	13453.188	13880.162	13978.238	12814.318	15811.81	15768.954	15526.132	16505.684	13048.167	14490.535	18219.027	14822.248	12254.146	15859.746	16841.209	15493.802	12450.115	15317.363	12665.329	14320.275	13810.812
1.7345	11410.44	12406.369	13119.796	15677.015	14214.021	13575.127	13210.076	13076.543	12205.902	17168.889	14183.54	16610.93	13392.408	13237.738	13296.993	15622.454	15504.501	11416.052	12575.212	14620.643	12485.516	12769.135	14795.497	15348.442	16246.955	16071.048	11606.995	15490.232	16094.254	12671.126	12936.256	16110.994	14807.435	15100.817	12221.077	15176.28	12251.416	14451.257	14403.594
1.8679	11420.33	13037.146	12051.381	13599.214	13927.407	13228.958	12422.385	12432.457	12577.059	16920.854	14217.111	15489.432	13441.409	13552.051	12554.962	13563.756	14780.232	11956.543	12500.671	14414.371	12282.011	12593.935	14680.538	13622.298	14915.292	16286.076	11727.929	16112.319	13430.462	12186.348	11840.675	14514.617	14709.265	14563.244	11787.045	14808.518	11673.843	13991.737	13770.176
2.0013	11245.796	11974.195	11552.324	13508.976	13144.924	12829.187	13201.609	12207.218	11899.914	14671.167	13767.343	12992.646	12965.822	13269.066	12472.654	12775.594	13800.185	11793.521	12929.355	13803.948	12406.917	12714.336	13893.711	13596.098	13959.514	14381.557	11495.823	15736.031	12343.395	12240.094	11925.04	14091.492	14971.807	13664.021	12228.063	14329.681	11941.702	14016.521	13944.861
2.1348	10801.56	NaN	12097.372	13032.198	12967.162	12849.434	12690.196	12378.988	11738.849	13625.726	12489.045	12510.444	11997.369	12849.252	NaN	NaN	12665.174	12005.3	12423.05	13527.426	12276.772	NaN	13469.546	14032.993	13380.207	13162.257	NaN	14108.576	12255.996	12759.461	11783.359	13176.323	14314.191	12161.679	12476.587	14206.002	11853.594	13277.609	13439.808
2.2682	11193.718	NaN	12122.802	NaN	13222.782	12868.265	NaN	12312.02	NaN	12807.367	12272.924	12451.381	11830.375	13196.067	NaN	NaN	12678.77	12012.13	12582.928	13822.352	12766.787	NaN	12675.047	NaN	13463.785	12312.496	NaN	14247.488	12049.619	12853.736	11675.89	12092.129	13323.952	11938.932	13018.834	12892.17	12011.219	12686.121	12462.354
2.4016	10700.778	NaN	11745.077	NaN	NaN	12376.839	NaN	11894.35	NaN	NaN	12198.476	NaN	NaN	12854.15	NaN	NaN	NaN	12317.552	12593.077	13216.739	12656.799	NaN	13200.217	NaN	13364.616	NaN	NaN	13760.68	NaN	NaN	NaN	11973.697	12917.119	11767.122	12635.516	12359.51	11706.926	NaN	11595.266
2.535	NaN	NaN	NaN	NaN	NaN	NaN	NaN	NaN	NaN	NaN	NaN	NaN	NaN	NaN	NaN	NaN	NaN	NaN	NaN	12929.617	NaN	NaN	13619.94	NaN	NaN	NaN	NaN	13446.552	NaN	NaN	NaN	12616.496	13838.778	11001.238	12622.354	12073.571	NaN	NaN	NaN
2.6684	NaN	NaN	NaN	NaN	NaN	NaN	NaN	NaN	NaN	NaN	NaN	NaN	NaN	NaN	NaN	NaN	NaN	NaN	NaN	NaN	NaN	NaN	13910.168	NaN	NaN	NaN	NaN	NaN	NaN	NaN	NaN	NaN	NaN	NaN	NaN	NaN	NaN	NaN	NaN
2.8019	NaN	NaN	NaN	NaN	NaN	NaN	NaN	NaN	NaN	NaN	NaN	NaN	NaN	NaN	NaN	NaN	NaN	NaN	NaN	NaN	NaN	NaN	NaN	NaN	NaN	NaN	NaN	NaN	NaN	NaN	NaN	NaN	NaN	NaN	NaN	NaN	NaN	NaN	NaN
2.9353	NaN	NaN	NaN	NaN	NaN	NaN	NaN	NaN	NaN	NaN	NaN	NaN	NaN	NaN	NaN	NaN	NaN	NaN	NaN	NaN	NaN	NaN	NaN	NaN	NaN	NaN	NaN	NaN	NaN	NaN	NaN	NaN	NaN	NaN	NaN	NaN	NaN	NaN	NaN
3.0687	NaN	NaN	NaN	NaN	NaN	NaN	NaN	NaN	NaN	NaN	NaN	NaN	NaN	NaN	NaN	NaN	NaN	NaN	NaN	NaN	NaN	NaN	NaN	NaN	NaN	NaN	NaN	NaN	NaN	NaN	NaN	NaN	NaN	NaN	NaN	NaN	NaN	NaN	NaN
3.2021	NaN	NaN	NaN	NaN	NaN	NaN	NaN	NaN	NaN	NaN	NaN	NaN	NaN	NaN	NaN	NaN	NaN	NaN	NaN	NaN	NaN	NaN	NaN	NaN	NaN	NaN	NaN	NaN	NaN	NaN	NaN	NaN	NaN	NaN	NaN	NaN	NaN	NaN	NaN
3.3356	NaN	NaN	NaN	NaN	NaN	NaN	NaN	NaN	NaN	NaN	NaN	NaN	NaN	NaN	NaN	NaN	NaN	NaN	NaN	NaN	NaN	NaN	NaN	NaN	NaN	NaN	NaN	NaN	NaN	NaN	NaN	NaN	NaN	NaN	NaN	NaN	NaN	NaN	NaN
3.469	NaN	NaN	NaN	NaN	NaN	NaN	NaN	NaN	NaN	NaN	NaN	NaN	NaN	NaN	NaN	NaN	NaN	NaN	NaN	NaN	NaN	NaN	NaN	NaN	NaN	NaN	NaN	NaN	NaN	NaN	NaN	NaN	NaN	NaN	NaN	NaN	NaN	NaN	NaN
3.6024	NaN	NaN	NaN	NaN	NaN	NaN	NaN	NaN	NaN	NaN	NaN	NaN	NaN	NaN	NaN	NaN	NaN	NaN	NaN	NaN	NaN	NaN	NaN	NaN	NaN	NaN	NaN	NaN	NaN	NaN	NaN	NaN	NaN	NaN	NaN	NaN	NaN	NaN	NaN
3.7358	NaN	NaN	NaN	NaN	NaN	NaN	NaN	NaN	NaN	NaN	NaN	NaN	NaN	NaN	NaN	NaN	NaN	NaN	NaN	NaN	NaN	NaN	NaN	NaN	NaN	NaN	NaN	NaN	NaN	NaN	NaN	NaN	NaN	NaN	NaN	NaN	NaN	NaN	NaN
3.8692	NaN	NaN	NaN	NaN	NaN	NaN	NaN	NaN	NaN	NaN	NaN	NaN	NaN	NaN	NaN	NaN	NaN	NaN	NaN	NaN	NaN	NaN	NaN	NaN	NaN	NaN	NaN	NaN	NaN	NaN	NaN	NaN	NaN	NaN	NaN	NaN	NaN	NaN	NaN
4.0027	NaN	NaN	NaN	NaN	NaN	NaN	NaN	NaN	NaN	NaN	NaN	NaN	NaN	NaN	NaN	NaN	NaN	NaN	NaN	NaN	NaN	NaN	NaN	NaN	NaN	NaN	NaN	NaN	NaN	NaN	NaN	NaN	NaN	NaN	NaN	NaN	NaN	NaN	NaN
4.1361	NaN	NaN	NaN	NaN	NaN	NaN	NaN	NaN	NaN	NaN	NaN	NaN	NaN	NaN	NaN	NaN	NaN	NaN	NaN	NaN	NaN	NaN	NaN	NaN	NaN	NaN	NaN	NaN	NaN	NaN	NaN	NaN	NaN	NaN	NaN	NaN	NaN	NaN	NaN
4.2695	NaN	NaN	NaN	NaN	NaN	NaN	NaN	NaN	NaN	NaN	NaN	NaN	NaN	NaN	NaN	NaN	NaN	NaN	NaN	NaN	NaN	NaN	NaN	NaN	NaN	NaN	NaN	NaN	NaN	NaN	NaN	NaN	NaN	NaN	NaN	NaN	NaN	NaN	NaN
4.4029	NaN	NaN	NaN	NaN	NaN	NaN	NaN	NaN	NaN	NaN	NaN	NaN	NaN	NaN	NaN	NaN	NaN	NaN	NaN	NaN	NaN	NaN	NaN	NaN	NaN	NaN	NaN	NaN	NaN	NaN	NaN	NaN	NaN	NaN	NaN	NaN	NaN	NaN	NaN
4.5363	NaN	NaN	NaN	NaN	NaN	NaN	NaN	NaN	NaN	NaN	NaN	NaN	NaN	NaN	NaN	NaN	NaN	NaN	NaN	NaN	NaN	NaN	NaN	NaN	NaN	NaN	NaN	NaN	NaN	NaN	NaN	NaN	NaN	NaN	NaN	NaN	NaN	NaN	NaN
4.6698	NaN	NaN	NaN	NaN	NaN	NaN	NaN	NaN	NaN	NaN	NaN	NaN	NaN	NaN	NaN	NaN	NaN	NaN	NaN	NaN	NaN	NaN	NaN	NaN	NaN	NaN	NaN	NaN	NaN	NaN	NaN	NaN	NaN	NaN	NaN	NaN	NaN	NaN	NaN
4.8032	NaN	NaN	NaN	NaN	NaN	NaN	NaN	NaN	NaN	NaN	NaN	NaN	NaN	NaN	NaN	NaN	NaN	NaN	NaN	NaN	NaN	NaN	NaN	NaN	NaN	NaN	NaN	NaN	NaN	NaN	NaN	NaN	NaN	NaN	NaN	NaN	NaN	NaN	NaN
4.9366	NaN	NaN	NaN	NaN	NaN	NaN	NaN	NaN	NaN	NaN	NaN	NaN	NaN	NaN	NaN	NaN	NaN	NaN	NaN	NaN	NaN	NaN	NaN	NaN	NaN	NaN	NaN	NaN	NaN	NaN	NaN	NaN	NaN	NaN	NaN	NaN	NaN	NaN	NaN
5.07	NaN	NaN	NaN	NaN	NaN	NaN	NaN	NaN	NaN	NaN	NaN	NaN	NaN	NaN	NaN	NaN	NaN	NaN	NaN	NaN	NaN	NaN	NaN	NaN	NaN	NaN	NaN	NaN	NaN	NaN	NaN	NaN	NaN	NaN	NaN	NaN	NaN	NaN	NaN
5.2035	NaN	NaN	NaN	NaN	NaN	NaN	NaN	NaN	NaN	NaN	NaN	NaN	NaN	NaN	NaN	NaN	NaN	NaN	NaN	NaN	NaN	NaN	NaN	NaN	NaN	NaN	NaN	NaN	NaN	NaN	NaN	NaN	NaN	NaN	NaN	NaN	NaN	NaN	NaN
5.3369	NaN	NaN	NaN	NaN	NaN	NaN	NaN	NaN	NaN	NaN	NaN	NaN	NaN	NaN	NaN	NaN	NaN	NaN	NaN	NaN	NaN	NaN	NaN	NaN	NaN	NaN	NaN	NaN	NaN	NaN	NaN	NaN	NaN	NaN	NaN	NaN	NaN	NaN	NaN
