x	Y_20180130_15100b_1_7g	Y_20180130_15100b_10_1g	Y_20180130_15100b_11_7g	Y_20180130_15100b_12_10g	Y_20180130_15100b_12_2g	Y_20180130_15100b_13_12g	Y_20180130_15100b_13_6g	Y_20180130_15100b_16_2g	Y_20180130_15100b_17_12g	Y_20180130_15100b_18_12g	Y_20180130_15100b_19_9g	Y_20180130_15100b_21_12g	Y_20180130_15100b_21_13g	Y_20180130_15100b_22_15g	Y_20180130_15100b_22_5g	Y_20180130_15100b_23_1g	Y_20180130_15100b_23_7g	Y_20180130_15100b_24_9g	Y_20180130_15100b_3_4g	Y_20180130_15100b_4_23g	Y_20180130_15100b_6_11g	Y_20180130_15100b_9_16g	Y_20180130_15100_3_15g	Y_20180130_15100_3_8g	Y_20180130_15100_4_12g	Y_20180130_15100_5_16_1g	Y_20180130_15100_5_21g	Y_20180130_15100_6_10g
0	36085.828	39150.555	39019.992	39055.805	32052.291	36423.422	35112.074	38046.512	29987.516	36360.418	33963.703	35531.707	36017.375	37999.941	33862.34	36281.352	33218.945	35450.645	34859.734	37710.711	38620.168	33371.566	34634.5	42156.255	37537.5375	39381.15	36858.2125	38511.365
0.1334	36001.238	39413.129	37850.355	39748.055	32514.346	36115.578	36507.719	38078.855	30303.955	36178.559	33718.09	35244.242	35490.848	37079.422	33568.391	36078.734	32852.344	37589.305	34405.965	37641.188	36246.211	33582.484	34897.165	42613.085	36348.6125	38072.5525	37837.01	41443.0075
0.2668	36936.945	38216.348	37362.188	38818.781	32970.129	36793.441	34745.922	37893.07	31965.502	36014.98	35054.086	34960.254	35211.277	38478.887	34816.211	35329.785	32990.977	37857.715	35206.828	38260	36473.934	30853.016	37451.3225	42818.585	36500.7125	39826.5475	37474.4175	39604.4775
0.4003	36361.379	38319.586	39202.918	38465.27	33603.492	35817.18	34375.047	36817.477	32930.773	36578.707	33702.988	34647.176	33382.043	38744.797	34088.848	35764.859	33172.359	37003.406	33450.82	37206.355	35155.488	32074.178	37555.7375	40902.89	36826.1425	38718.885	37571.7675	38507.195
0.5337	36156.211	36354.77	39400.676	38315.965	33123.426	37597.285	34612.418	36920.027	32280.662	34928.203	34092.012	34550.57	36299.926	39411.668	36720.645	34866.246	33207.145	36218.219	32968.738	38440.801	35106.633	33081.391	36047.7025	42598.56	36643.7225	38037.3625	36897.805	38870.695
0.6671	36707.023	38159.473	38416.461	38902.27	32735.518	37108.18	34562.59	37125.574	32967.527	34463.816	33929.168	35882.41	36363.93	38852.344	35841.887	35642.246	33108.746	36395.16	33758.266	36802.535	34342.625	31395.666	37477.275	41145.7075	37988.4325	39293.13	36927.405	37862.22
0.8005	36104.301	40890.473	40367.406	39964.648	33374.984	37391.363	33341.809	34680.785	31807.42	35474.688	35119.691	34940.094	36111.719	38839.465	34229.344	36336.574	34614.082	36612.191	32655	37604.762	34089.055	32265.295	37594.4875	43604.3075	38021.2525	37007.205	37430.8975	37894.305
0.934	36322.871	37355.961	40510.102	38685.496	32500.701	36764.688	33988.922	35359.918	32545.891	36783.406	35610.414	34254.5	34703.844	38168.531	35223.371	35681.254	34017.832	37680.941	33325.555	38265.488	35190.285	33014.758	36508.42	41211.62	36469.6975	37390.1075	36220.695	40206.105
1.0674	35512.34	36229.938	40325.926	38081.508	32262.104	36662.238	34402.949	34637.422	32986.406	36557.551	34847.258	34999.109	37106.641	37544.574	37260.016	37136.961	32845.477	37512.035	33883.531	37748.93	36144	31853.842	34550.9625	39673.165	37116.815	37701.5725	36878.4425	39146.33
1.2008	35133.008	36271.027	40704.625	39916.176	33185.062	36397.105	32995.16	34032.496	32435.33	35898.742	34979.16	34322.297	36092.254	38923.035	35401.852	36854.383	34048.828	37887.852	33679.562	37368.348	37284.281	32908.836	36446.35	39186.6125	36001.9325	37020.02	35976.3025	38612.185
1.3342	36599.668	38945.363	41494.605	37860.648	33740.527	36878.316	33191.695	34974.469	32320.266	36020.77	34998.352	34927.406	36164.77	40370.664	33692.078	34850.008	34195.492	37424.715	34807.887	36342.266	35660.812	33639.375	37283.6775	42567.2125	33383.31	36449.3825	38227.9725	39818.8625
1.4676	36524.297	37814.871	40747.906	37337.715	33442.863	37535.078	33397.797	34362.23	32793.844	37760.035	33959.793	36184.594	37158.672	41187.441	34287.953	35956.062	31890.703	39071.766	33620.945	38134.543	34804.758	35183.496	42125.9125	43942.345	36864.4525	37399.4075	38807.2925	39907.755
1.6011	36110.949	37097.508	40412.934	37030.574	33988.641	38631.777	33863.367	34160.852	34373.629	37458.156	35359.652	35006.867	35238.344	43178.789	35653.938	36695.793	35659.602	40076.105	34260.926	37931.605	37210.938	34824.137	39643.055	48622.1925	37572.4825	37058.8975	37112.91	37703.105
1.7345	38479.652	38240.289	40871.727	39234.305	33683.934	38957.168	34201.121	34966.492	35774.742	39972.266	37042.016	35446.461	35625.012	48032.359	36781.273	37503.113	38591.371	45596.988	34883.398	38692.391	39562.586	36806.605	41157.95	58041.44	38939.54	39783.3725	38422.1825	37043.5575
1.8679	36622.934	41713.043	39944.633	43169.117	35526.582	42553.445	35460.824	37731.074	40574.957	40599.141	36510.012	36234.895	37156.715	59327.148	38654.164	40609.469	47372.906	54426.613	37062.102	40821.895	46561.66	41476.316	48354.75	59916.5325	41409.4725	41292.5875	39099.3275	39184.4275
2.0013	38167.09	41243.582	40357.477	47199.371	39799.816	45065.504	38166.699	39573.797	53306.25	43270.473	38832.785	37422.949	39053.594	76481.078	38025.633	48997.793	64249.676	77053.438	39235.969	41629.223	60372.941	56657.309	63795.5075	53177.325	48976.3125	45503.4075	38797.44	39531.96
2.1348	46486.707	44269.102	42250.582	65609.852	49611.746	58490.566	44111.652	48488.668	75446.875	47432.07	43773.754	43195.809	43294.027	88295.984	41513.863	72913.078	79449.312	117925.109	45568.082	48473.75	78538.25	90457.742	109472.7925	54142.0075	70125.1375	56088.9025	43133.8875	42602.9825
2.2682	65741.445	52465.777	42981.559	95332.383	67881.141	75240.883	61993.062	58008.266	80003.453	60791.5	59218.473	50814.105	53425.781	112228.891	50845.918	92752.703	100547.859	132391.5	58086.938	62133.648	76931.047	110210.898	142853.2525	60083.345	94001.455	59915.43	53941.685	48000.7675
2.4016	85095.008	80700.398	47049.922	110109.711	71508.211	75113.578	90997.578	55532.664	60197.344	78352.914	82412.406	69304.953	84183.211	119220.648	68626.609	78495.992	141330.203	97144.844	75974.539	89631.258	57968.387	84268.852	119048.2125	86860.44	82422.4325	50578.2525	76153.4675	61110.9025
2.535	79823.719	146598.281	65115.477	84517.438	55644.309	57379.406	103278.359	44222.816	44741.895	80606.969	82569.797	77383.844	113125	89269.906	81575.445	56589.371	151976.766	62889.727	79291.938	110952.609	44707.312	56481.477	71065.9175	118796.7375	55799.4525	42614.2925	102343.4275	70695.455
2.6684	56297.496	192846.844	79998.07	55179.844	44021.5	46369.766	75636.109	38480.707	37078.676	61783.066	63343.055	61525.742	102112.664	62126.551	73450.047	46240.496	117814.617	47818.176	59624.449	94771.969	40332.684	42907.395	48184.135	115481.5625	46555.165	NaN	95551.21	65221.7575
2.8019	44678.25	147603.703	75885.562	43305.621	NaN	NaN	50518.289	36580.676	NaN	46982.91	47124.312	46282.691	70335.547	NaN	54835.863	39835.426	75583.547	43608.793	42974.742	61411.09	NaN	39068.102	42776.65	78356.23	40568.1125	NaN	72834.2425	52042.34
2.9353	41046.922	84083.367	57580.473	39200.898	NaN	NaN	NaN	NaN	NaN	NaN	41913.293	40404.023	51419.012	NaN	42135.316	NaN	53293.488	NaN	35603.055	49095.328	NaN	NaN	NaN	52421.88	NaN	NaN	61793.0425	44583.2075
3.0687	NaN	54922.688	46467.844	NaN	NaN	NaN	NaN	NaN	NaN	NaN	NaN	NaN	45136.184	NaN	39474.898	NaN	45269.57	NaN	NaN	43959.367	NaN	NaN	NaN	46385.8975	NaN	NaN	57422.2225	41618.2075
3.2021	NaN	45399.516	NaN	NaN	NaN	NaN	NaN	NaN	NaN	NaN	NaN	NaN	40934.543	NaN	NaN	NaN	NaN	NaN	NaN	NaN	NaN	NaN	NaN	41627.2025	NaN	NaN	NaN	39839.4275
3.3356	NaN	42370.402	NaN	NaN	NaN	NaN	NaN	NaN	NaN	NaN	NaN	NaN	39109.004	NaN	NaN	NaN	NaN	NaN	NaN	NaN	NaN	NaN	NaN	39699.91	NaN	NaN	NaN	NaN
3.469	NaN	40389.641	NaN	NaN	NaN	NaN	NaN	NaN	NaN	NaN	NaN	NaN	NaN	NaN	NaN	NaN	NaN	NaN	NaN	NaN	NaN	NaN	NaN	41643.77	NaN	NaN	NaN	NaN
3.6024	NaN	NaN	NaN	NaN	NaN	NaN	NaN	NaN	NaN	NaN	NaN	NaN	NaN	NaN	NaN	NaN	NaN	NaN	NaN	NaN	NaN	NaN	NaN	NaN	NaN	NaN	NaN	NaN
3.7358	NaN	NaN	NaN	NaN	NaN	NaN	NaN	NaN	NaN	NaN	NaN	NaN	NaN	NaN	NaN	NaN	NaN	NaN	NaN	NaN	NaN	NaN	NaN	NaN	NaN	NaN	NaN	NaN
3.8692	NaN	NaN	NaN	NaN	NaN	NaN	NaN	NaN	NaN	NaN	NaN	NaN	NaN	NaN	NaN	NaN	NaN	NaN	NaN	NaN	NaN	NaN	NaN	NaN	NaN	NaN	NaN	NaN
4.0027	NaN	NaN	NaN	NaN	NaN	NaN	NaN	NaN	NaN	NaN	NaN	NaN	NaN	NaN	NaN	NaN	NaN	NaN	NaN	NaN	NaN	NaN	NaN	NaN	NaN	NaN	NaN	NaN
4.1361	NaN	NaN	NaN	NaN	NaN	NaN	NaN	NaN	NaN	NaN	NaN	NaN	NaN	NaN	NaN	NaN	NaN	NaN	NaN	NaN	NaN	NaN	NaN	NaN	NaN	NaN	NaN	NaN
4.2695	NaN	NaN	NaN	NaN	NaN	NaN	NaN	NaN	NaN	NaN	NaN	NaN	NaN	NaN	NaN	NaN	NaN	NaN	NaN	NaN	NaN	NaN	NaN	NaN	NaN	NaN	NaN	NaN
4.4029	NaN	NaN	NaN	NaN	NaN	NaN	NaN	NaN	NaN	NaN	NaN	NaN	NaN	NaN	NaN	NaN	NaN	NaN	NaN	NaN	NaN	NaN	NaN	NaN	NaN	NaN	NaN	NaN
4.5363	NaN	NaN	NaN	NaN	NaN	NaN	NaN	NaN	NaN	NaN	NaN	NaN	NaN	NaN	NaN	NaN	NaN	NaN	NaN	NaN	NaN	NaN	NaN	NaN	NaN	NaN	NaN	NaN
4.6698	NaN	NaN	NaN	NaN	NaN	NaN	NaN	NaN	NaN	NaN	NaN	NaN	NaN	NaN	NaN	NaN	NaN	NaN	NaN	NaN	NaN	NaN	NaN	NaN	NaN	NaN	NaN	NaN
4.8032	NaN	NaN	NaN	NaN	NaN	NaN	NaN	NaN	NaN	NaN	NaN	NaN	NaN	NaN	NaN	NaN	NaN	NaN	NaN	NaN	NaN	NaN	NaN	NaN	NaN	NaN	NaN	NaN
4.9366	NaN	NaN	NaN	NaN	NaN	NaN	NaN	NaN	NaN	NaN	NaN	NaN	NaN	NaN	NaN	NaN	NaN	NaN	NaN	NaN	NaN	NaN	NaN	NaN	NaN	NaN	NaN	NaN
5.07	NaN	NaN	NaN	NaN	NaN	NaN	NaN	NaN	NaN	NaN	NaN	NaN	NaN	NaN	NaN	NaN	NaN	NaN	NaN	NaN	NaN	NaN	NaN	NaN	NaN	NaN	NaN	NaN
5.2035	NaN	NaN	NaN	NaN	NaN	NaN	NaN	NaN	NaN	NaN	NaN	NaN	NaN	NaN	NaN	NaN	NaN	NaN	NaN	NaN	NaN	NaN	NaN	NaN	NaN	NaN	NaN	NaN
5.3369	NaN	NaN	NaN	NaN	NaN	NaN	NaN	NaN	NaN	NaN	NaN	NaN	NaN	NaN	NaN	NaN	NaN	NaN	NaN	NaN	NaN	NaN	NaN	NaN	NaN	NaN	NaN	NaN
